# Recfast++ output. The columns are z, Xe=Ne/NH, Te
#
3.00000000e+03 1.07942552e+00 8.17772295e+03 
2.99852426e+03 1.07942407e+00 8.17370156e+03 
2.99704852e+03 1.07942260e+00 8.16968017e+03 
2.99557279e+03 1.07942110e+00 8.16565878e+03 
2.99409705e+03 1.07941957e+00 8.16163740e+03 
2.99262131e+03 1.07941801e+00 8.15761601e+03 
2.99114557e+03 1.07941643e+00 8.15359462e+03 
2.98966983e+03 1.07941483e+00 8.14957324e+03 
2.98819410e+03 1.07941319e+00 8.14555185e+03 
2.98671836e+03 1.07941152e+00 8.14153046e+03 
2.98524262e+03 1.07940983e+00 8.13750908e+03 
2.98376688e+03 1.07940811e+00 8.13348769e+03 
2.98229115e+03 1.07940635e+00 8.12946630e+03 
2.98081541e+03 1.07940457e+00 8.12544491e+03 
2.97933967e+03 1.07940275e+00 8.12142353e+03 
2.97786393e+03 1.07940090e+00 8.11740214e+03 
2.97638819e+03 1.07939902e+00 8.11338075e+03 
2.97491246e+03 1.07939711e+00 8.10935937e+03 
2.97343672e+03 1.07939516e+00 8.10533798e+03 
2.97196098e+03 1.07939318e+00 8.10131659e+03 
2.97048524e+03 1.07939116e+00 8.09729521e+03 
2.96900950e+03 1.07938911e+00 8.09327382e+03 
2.96753377e+03 1.07938702e+00 8.08925243e+03 
2.96605803e+03 1.07938489e+00 8.08523104e+03 
2.96458229e+03 1.07938273e+00 8.08120966e+03 
2.96310655e+03 1.07938053e+00 8.07718827e+03 
2.96163082e+03 1.07937829e+00 8.07316688e+03 
2.96015508e+03 1.07937601e+00 8.06914550e+03 
2.95867934e+03 1.07937369e+00 8.06512411e+03 
2.95720360e+03 1.07937132e+00 8.06110272e+03 
2.95572786e+03 1.07936892e+00 8.05708134e+03 
2.95425213e+03 1.07936647e+00 8.05305995e+03 
2.95277639e+03 1.07936399e+00 8.04903856e+03 
2.95130065e+03 1.07936145e+00 8.04501717e+03 
2.94982491e+03 1.07935887e+00 8.04099579e+03 
2.94834917e+03 1.07935625e+00 8.03697440e+03 
2.94687344e+03 1.07935358e+00 8.03295301e+03 
2.94539770e+03 1.07935086e+00 8.02893163e+03 
2.94392196e+03 1.07934809e+00 8.02491024e+03 
2.94244622e+03 1.07934528e+00 8.02088885e+03 
2.94097049e+03 1.07934241e+00 8.01686747e+03 
2.93949475e+03 1.07933949e+00 8.01284608e+03 
2.93801901e+03 1.07933652e+00 8.00882469e+03 
2.93654327e+03 1.07933350e+00 8.00480330e+03 
2.93506753e+03 1.07933043e+00 8.00078192e+03 
2.93359180e+03 1.07932730e+00 7.99676053e+03 
2.93211606e+03 1.07932411e+00 7.99273914e+03 
2.93064032e+03 1.07932087e+00 7.98871776e+03 
2.92916458e+03 1.07931757e+00 7.98469637e+03 
2.92768884e+03 1.07931421e+00 7.98067498e+03 
2.92621311e+03 1.07931079e+00 7.97665359e+03 
2.92473737e+03 1.07930731e+00 7.97263221e+03 
2.92326163e+03 1.07930377e+00 7.96861082e+03 
2.92178589e+03 1.07930016e+00 7.96458943e+03 
2.92031016e+03 1.07929649e+00 7.96056805e+03 
2.91883442e+03 1.07929276e+00 7.95654666e+03 
2.91735868e+03 1.07928896e+00 7.95252527e+03 
2.91588294e+03 1.07928509e+00 7.94850389e+03 
2.91440720e+03 1.07928115e+00 7.94448250e+03 
2.91293147e+03 1.07927715e+00 7.94046111e+03 
2.91145573e+03 1.07927307e+00 7.93643972e+03 
2.90997999e+03 1.07926892e+00 7.93241834e+03 
2.90850425e+03 1.07926469e+00 7.92839695e+03 
2.90702851e+03 1.07926039e+00 7.92437556e+03 
2.90555278e+03 1.07925602e+00 7.92035418e+03 
2.90407704e+03 1.07925156e+00 7.91633279e+03 
2.90260130e+03 1.07924703e+00 7.91231140e+03 
2.90112556e+03 1.07924242e+00 7.90829001e+03 
2.89964982e+03 1.07923772e+00 7.90426863e+03 
2.89817409e+03 1.07923295e+00 7.90024724e+03 
2.89669835e+03 1.07922808e+00 7.89622585e+03 
2.89522261e+03 1.07922314e+00 7.89220447e+03 
2.89374687e+03 1.07921810e+00 7.88818308e+03 
2.89227114e+03 1.07921298e+00 7.88416169e+03 
2.89079540e+03 1.07920776e+00 7.88014031e+03 
2.88931966e+03 1.07920246e+00 7.87611892e+03 
2.88784392e+03 1.07919706e+00 7.87209753e+03 
2.88636818e+03 1.07919157e+00 7.86807614e+03 
2.88489245e+03 1.07918598e+00 7.86405476e+03 
2.88341671e+03 1.07918029e+00 7.86003337e+03 
2.88194097e+03 1.07917450e+00 7.85601198e+03 
2.88046523e+03 1.07916861e+00 7.85199060e+03 
2.87898949e+03 1.07916262e+00 7.84796921e+03 
2.87751376e+03 1.07915653e+00 7.84394782e+03 
2.87603802e+03 1.07915032e+00 7.83992643e+03 
2.87456228e+03 1.07914402e+00 7.83590505e+03 
2.87308654e+03 1.07913760e+00 7.83188366e+03 
2.87161081e+03 1.07913107e+00 7.82786227e+03 
2.87013507e+03 1.07912442e+00 7.82384089e+03 
2.86865933e+03 1.07911767e+00 7.81981950e+03 
2.86718359e+03 1.07911080e+00 7.81579811e+03 
2.86570785e+03 1.07910380e+00 7.81177672e+03 
2.86423212e+03 1.07909669e+00 7.80775534e+03 
2.86275638e+03 1.07908946e+00 7.80373395e+03 
2.86128064e+03 1.07908211e+00 7.79971256e+03 
2.85980490e+03 1.07907462e+00 7.79569118e+03 
2.85832916e+03 1.07906702e+00 7.79166979e+03 
2.85685343e+03 1.07905928e+00 7.78764840e+03 
2.85537769e+03 1.07905141e+00 7.78362701e+03 
2.85390195e+03 1.07904341e+00 7.77960563e+03 
2.85242621e+03 1.07903528e+00 7.77558424e+03 
2.85095048e+03 1.07902701e+00 7.77156285e+03 
2.84947474e+03 1.07901860e+00 7.76754147e+03 
2.84799900e+03 1.07901005e+00 7.76352008e+03 
2.84652326e+03 1.07900136e+00 7.75949869e+03 
2.84504752e+03 1.07899253e+00 7.75547730e+03 
2.84357179e+03 1.07898355e+00 7.75145592e+03 
2.84209605e+03 1.07897442e+00 7.74743453e+03 
2.84062031e+03 1.07896515e+00 7.74341314e+03 
2.83914457e+03 1.07895572e+00 7.73939176e+03 
2.83766883e+03 1.07894614e+00 7.73537037e+03 
2.83619310e+03 1.07893641e+00 7.73134898e+03 
2.83471736e+03 1.07892652e+00 7.72732759e+03 
2.83324162e+03 1.07891646e+00 7.72330621e+03 
2.83176588e+03 1.07890625e+00 7.71928482e+03 
2.83029015e+03 1.07889588e+00 7.71526343e+03 
2.82881441e+03 1.07888534e+00 7.71124205e+03 
2.82733867e+03 1.07887464e+00 7.70722066e+03 
2.82586293e+03 1.07886377e+00 7.70319927e+03 
2.82438719e+03 1.07885272e+00 7.69917788e+03 
2.82291146e+03 1.07884151e+00 7.69515650e+03 
2.82143572e+03 1.07883012e+00 7.69113511e+03 
2.81995998e+03 1.07881856e+00 7.68711372e+03 
2.81848424e+03 1.07880682e+00 7.68309234e+03 
2.81700850e+03 1.07879490e+00 7.67907095e+03 
2.81553277e+03 1.07878280e+00 7.67504956e+03 
2.81405703e+03 1.07877052e+00 7.67102817e+03 
2.81258129e+03 1.07875806e+00 7.66700679e+03 
2.81110555e+03 1.07874541e+00 7.66298540e+03 
2.80962981e+03 1.07873257e+00 7.65896401e+03 
2.80815408e+03 1.07871954e+00 7.65494262e+03 
2.80667834e+03 1.07870633e+00 7.65092124e+03 
2.80520260e+03 1.07869292e+00 7.64689985e+03 
2.80372686e+03 1.07867932e+00 7.64287846e+03 
2.80225113e+03 1.07866552e+00 7.63885708e+03 
2.80077539e+03 1.07865152e+00 7.63483569e+03 
2.79929965e+03 1.07863733e+00 7.63081430e+03 
2.79782391e+03 1.07862294e+00 7.62679291e+03 
2.79634817e+03 1.07860835e+00 7.62277153e+03 
2.79487244e+03 1.07859355e+00 7.61875014e+03 
2.79339670e+03 1.07857855e+00 7.61472875e+03 
2.79192096e+03 1.07856335e+00 7.61070737e+03 
2.79044522e+03 1.07854794e+00 7.60668598e+03 
2.78896948e+03 1.07853232e+00 7.60266459e+03 
2.78749375e+03 1.07851650e+00 7.59864320e+03 
2.78601801e+03 1.07850046e+00 7.59462182e+03 
2.78454227e+03 1.07848422e+00 7.59060043e+03 
2.78306653e+03 1.07846776e+00 7.58657904e+03 
2.78159080e+03 1.07845109e+00 7.58255765e+03 
2.78011506e+03 1.07843421e+00 7.57853627e+03 
2.77863932e+03 1.07841711e+00 7.57451488e+03 
2.77716358e+03 1.07839980e+00 7.57049349e+03 
2.77568784e+03 1.07838227e+00 7.56647211e+03 
2.77421211e+03 1.07836452e+00 7.56245072e+03 
2.77273637e+03 1.07834656e+00 7.55842933e+03 
2.77126063e+03 1.07832837e+00 7.55440794e+03 
2.76978489e+03 1.07830997e+00 7.55038656e+03 
2.76830915e+03 1.07829135e+00 7.54636517e+03 
2.76683342e+03 1.07827250e+00 7.54234378e+03 
2.76535768e+03 1.07825344e+00 7.53832240e+03 
2.76388194e+03 1.07823416e+00 7.53430101e+03 
2.76240620e+03 1.07821465e+00 7.53027962e+03 
2.76093047e+03 1.07819492e+00 7.52625823e+03 
2.75945473e+03 1.07817497e+00 7.52223685e+03 
2.75797899e+03 1.07815480e+00 7.51821546e+03 
2.75650325e+03 1.07813440e+00 7.51419407e+03 
2.75502751e+03 1.07811379e+00 7.51017268e+03 
2.75355178e+03 1.07809294e+00 7.50615130e+03 
2.75207604e+03 1.07807188e+00 7.50212991e+03 
2.75060030e+03 1.07805059e+00 7.49810852e+03 
2.74912456e+03 1.07802908e+00 7.49408714e+03 
2.74764882e+03 1.07800735e+00 7.49006575e+03 
2.74617309e+03 1.07798539e+00 7.48604436e+03 
2.74469735e+03 1.07796321e+00 7.48202297e+03 
2.74322161e+03 1.07794081e+00 7.47800159e+03 
2.74174587e+03 1.07791818e+00 7.47398020e+03 
2.74027014e+03 1.07789534e+00 7.46995881e+03 
2.73879440e+03 1.07787227e+00 7.46593742e+03 
2.73731866e+03 1.07784898e+00 7.46191604e+03 
2.73584292e+03 1.07782547e+00 7.45789465e+03 
2.73436718e+03 1.07780174e+00 7.45387326e+03 
2.73289145e+03 1.07777779e+00 7.44985187e+03 
2.73141571e+03 1.07775362e+00 7.44583049e+03 
2.72993997e+03 1.07772923e+00 7.44180910e+03 
2.72846423e+03 1.07770463e+00 7.43778771e+03 
2.72698849e+03 1.07767980e+00 7.43376633e+03 
2.72551276e+03 1.07765476e+00 7.42974494e+03 
2.72403702e+03 1.07762951e+00 7.42572355e+03 
2.72256128e+03 1.07760404e+00 7.42170216e+03 
2.72108554e+03 1.07757835e+00 7.41768078e+03 
2.71960980e+03 1.07755246e+00 7.41365939e+03 
2.71813407e+03 1.07752635e+00 7.40963800e+03 
2.71665833e+03 1.07750002e+00 7.40561661e+03 
2.71518259e+03 1.07747349e+00 7.40159523e+03 
2.71370685e+03 1.07744675e+00 7.39757384e+03 
2.71223112e+03 1.07741980e+00 7.39355245e+03 
2.71075538e+03 1.07739264e+00 7.38953106e+03 
2.70927964e+03 1.07736528e+00 7.38550968e+03 
2.70780390e+03 1.07733771e+00 7.38148829e+03 
2.70632816e+03 1.07730993e+00 7.37746690e+03 
2.70485243e+03 1.07728196e+00 7.37344552e+03 
2.70337669e+03 1.07725378e+00 7.36942413e+03 
2.70190095e+03 1.07722540e+00 7.36540274e+03 
2.70042521e+03 1.07719682e+00 7.36138135e+03 
2.69894947e+03 1.07716805e+00 7.35735997e+03 
2.69747374e+03 1.07713907e+00 7.35333858e+03 
2.69599800e+03 1.07710991e+00 7.34931719e+03 
2.69452226e+03 1.07708054e+00 7.34529580e+03 
2.69304652e+03 1.07705099e+00 7.34127442e+03 
2.69157079e+03 1.07702124e+00 7.33725303e+03 
2.69009505e+03 1.07699131e+00 7.33323164e+03 
2.68861931e+03 1.07696118e+00 7.32921025e+03 
2.68714357e+03 1.07693087e+00 7.32518887e+03 
2.68566783e+03 1.07690037e+00 7.32116748e+03 
2.68419210e+03 1.07686969e+00 7.31714609e+03 
2.68271636e+03 1.07683883e+00 7.31312470e+03 
2.68124062e+03 1.07680778e+00 7.30910332e+03 
2.67976488e+03 1.07677655e+00 7.30508193e+03 
2.67828914e+03 1.07674515e+00 7.30106054e+03 
2.67681341e+03 1.07671357e+00 7.29703916e+03 
2.67533767e+03 1.07668181e+00 7.29301777e+03 
2.67386193e+03 1.07664988e+00 7.28899638e+03 
2.67238619e+03 1.07661777e+00 7.28497499e+03 
2.67091046e+03 1.07658550e+00 7.28095361e+03 
2.66943472e+03 1.07655306e+00 7.27693222e+03 
2.66795898e+03 1.07652044e+00 7.27291083e+03 
2.66648324e+03 1.07648767e+00 7.26888944e+03 
2.66500750e+03 1.07645472e+00 7.26486806e+03 
2.66353177e+03 1.07642162e+00 7.26084667e+03 
2.66205603e+03 1.07638835e+00 7.25682528e+03 
2.66058029e+03 1.07635492e+00 7.25280389e+03 
2.65910455e+03 1.07632134e+00 7.24878251e+03 
2.65762881e+03 1.07628759e+00 7.24476112e+03 
2.65615308e+03 1.07625369e+00 7.24073973e+03 
2.65467734e+03 1.07621964e+00 7.23671834e+03 
2.65320160e+03 1.07618543e+00 7.23269696e+03 
2.65172586e+03 1.07615108e+00 7.22867557e+03 
2.65025013e+03 1.07611657e+00 7.22465418e+03 
2.64877439e+03 1.07608192e+00 7.22063279e+03 
2.64729865e+03 1.07604712e+00 7.21661141e+03 
2.64582291e+03 1.07601218e+00 7.21259002e+03 
2.64434717e+03 1.07597709e+00 7.20856863e+03 
2.64287144e+03 1.07594186e+00 7.20454724e+03 
2.64139570e+03 1.07590649e+00 7.20052586e+03 
2.63991996e+03 1.07587098e+00 7.19650447e+03 
2.63844422e+03 1.07583534e+00 7.19248308e+03 
2.63696848e+03 1.07579955e+00 7.18846169e+03 
2.63549275e+03 1.07576364e+00 7.18444031e+03 
2.63401701e+03 1.07572759e+00 7.18041892e+03 
2.63254127e+03 1.07569141e+00 7.17639753e+03 
2.63106553e+03 1.07565510e+00 7.17237614e+03 
2.62958979e+03 1.07561866e+00 7.16835476e+03 
2.62811406e+03 1.07558210e+00 7.16433337e+03 
2.62663832e+03 1.07554541e+00 7.16031198e+03 
2.62516258e+03 1.07550860e+00 7.15629059e+03 
2.62368684e+03 1.07547166e+00 7.15226921e+03 
2.62221111e+03 1.07543460e+00 7.14824782e+03 
2.62073537e+03 1.07539742e+00 7.14422643e+03 
2.61925963e+03 1.07536012e+00 7.14020504e+03 
2.61778389e+03 1.07532271e+00 7.13618366e+03 
2.61630815e+03 1.07528518e+00 7.13216227e+03 
2.61483242e+03 1.07524753e+00 7.12814088e+03 
2.61335668e+03 1.07520978e+00 7.12411949e+03 
2.61188094e+03 1.07517191e+00 7.12009811e+03 
2.61040520e+03 1.07513393e+00 7.11607672e+03 
2.60892946e+03 1.07509584e+00 7.11205533e+03 
2.60745373e+03 1.07505764e+00 7.10803394e+03 
2.60597799e+03 1.07501933e+00 7.10401256e+03 
2.60450225e+03 1.07498092e+00 7.09999117e+03 
2.60302651e+03 1.07494241e+00 7.09596978e+03 
2.60155078e+03 1.07490379e+00 7.09194839e+03 
2.60007504e+03 1.07486507e+00 7.08792701e+03 
2.59859930e+03 1.07482625e+00 7.08390562e+03 
2.59712356e+03 1.07478733e+00 7.07988423e+03 
2.59564782e+03 1.07474831e+00 7.07586284e+03 
2.59417209e+03 1.07470919e+00 7.07184146e+03 
2.59269635e+03 1.07466998e+00 7.06782007e+03 
2.59122061e+03 1.07463067e+00 7.06379868e+03 
2.58974487e+03 1.07459127e+00 7.05977729e+03 
2.58826913e+03 1.07455178e+00 7.05575591e+03 
2.58679340e+03 1.07451219e+00 7.05173452e+03 
2.58531766e+03 1.07447251e+00 7.04771313e+03 
2.58384192e+03 1.07443275e+00 7.04369174e+03 
2.58236618e+03 1.07439289e+00 7.03967036e+03 
2.58089045e+03 1.07435295e+00 7.03564897e+03 
2.57941471e+03 1.07431292e+00 7.03162758e+03 
2.57793897e+03 1.07427280e+00 7.02760619e+03 
2.57646323e+03 1.07423260e+00 7.02358481e+03 
2.57498749e+03 1.07419232e+00 7.01956342e+03 
2.57351176e+03 1.07415195e+00 7.01554203e+03 
2.57203602e+03 1.07411150e+00 7.01152064e+03 
2.57056028e+03 1.07407097e+00 7.00749926e+03 
2.56908454e+03 1.07403036e+00 7.00347787e+03 
2.56760880e+03 1.07398967e+00 6.99945648e+03 
2.56613307e+03 1.07394890e+00 6.99543509e+03 
2.56465733e+03 1.07390805e+00 6.99141370e+03 
2.56318159e+03 1.07386713e+00 6.98739232e+03 
2.56170585e+03 1.07382613e+00 6.98337093e+03 
2.56023012e+03 1.07378506e+00 6.97934954e+03 
2.55875438e+03 1.07374391e+00 6.97532815e+03 
2.55727864e+03 1.07370268e+00 6.97130677e+03 
2.55580290e+03 1.07366139e+00 6.96728538e+03 
2.55432716e+03 1.07362002e+00 6.96326399e+03 
2.55285143e+03 1.07357858e+00 6.95924260e+03 
2.55137569e+03 1.07353707e+00 6.95522122e+03 
2.54989995e+03 1.07349549e+00 6.95119983e+03 
2.54842421e+03 1.07345384e+00 6.94717844e+03 
2.54694847e+03 1.07341212e+00 6.94315705e+03 
2.54547274e+03 1.07337033e+00 6.93913567e+03 
2.54399700e+03 1.07332848e+00 6.93511428e+03 
2.54252126e+03 1.07328656e+00 6.93109289e+03 
2.54104552e+03 1.07324457e+00 6.92707150e+03 
2.53956978e+03 1.07320252e+00 6.92305012e+03 
2.53809405e+03 1.07316040e+00 6.91902873e+03 
2.53661831e+03 1.07311821e+00 6.91500734e+03 
2.53514257e+03 1.07307597e+00 6.91098595e+03 
2.53366683e+03 1.07303366e+00 6.90696456e+03 
2.53219110e+03 1.07299128e+00 6.90294318e+03 
2.53071536e+03 1.07294884e+00 6.89892179e+03 
2.52923962e+03 1.07290635e+00 6.89490040e+03 
2.52776388e+03 1.07286379e+00 6.89087901e+03 
2.52628814e+03 1.07282116e+00 6.88685763e+03 
2.52481241e+03 1.07277848e+00 6.88283624e+03 
2.52333667e+03 1.07273574e+00 6.87881485e+03 
2.52186093e+03 1.07269294e+00 6.87479346e+03 
2.52038519e+03 1.07265007e+00 6.87077208e+03 
2.51890945e+03 1.07260715e+00 6.86675069e+03 
2.51743372e+03 1.07256417e+00 6.86272930e+03 
2.51595798e+03 1.07252113e+00 6.85870791e+03 
2.51448224e+03 1.07247804e+00 6.85468652e+03 
2.51300650e+03 1.07243488e+00 6.85066514e+03 
2.51153077e+03 1.07239167e+00 6.84664375e+03 
2.51005503e+03 1.07234840e+00 6.84262236e+03 
2.50857929e+03 1.07230508e+00 6.83860097e+03 
2.50710355e+03 1.07226170e+00 6.83457959e+03 
2.50562781e+03 1.07221826e+00 6.83055820e+03 
2.50415208e+03 1.07217477e+00 6.82653681e+03 
2.50267634e+03 1.07213122e+00 6.82251542e+03 
2.50120060e+03 1.07208761e+00 6.81849404e+03 
2.49972486e+03 1.07204395e+00 6.81447265e+03 
2.49824912e+03 1.07200024e+00 6.81045126e+03 
2.49677339e+03 1.07195647e+00 6.80642987e+03 
2.49529765e+03 1.07191264e+00 6.80240848e+03 
2.49382191e+03 1.07186877e+00 6.79838710e+03 
2.49234617e+03 1.07182483e+00 6.79436571e+03 
2.49087044e+03 1.07178085e+00 6.79034432e+03 
2.48939470e+03 1.07173681e+00 6.78632293e+03 
2.48791896e+03 1.07169271e+00 6.78230155e+03 
2.48644322e+03 1.07164856e+00 6.77828016e+03 
2.48496748e+03 1.07160436e+00 6.77425877e+03 
2.48349175e+03 1.07156011e+00 6.77023738e+03 
2.48201601e+03 1.07151580e+00 6.76621599e+03 
2.48054027e+03 1.07147144e+00 6.76219461e+03 
2.47906453e+03 1.07142702e+00 6.75817322e+03 
2.47758879e+03 1.07138255e+00 6.75415183e+03 
2.47611306e+03 1.07133803e+00 6.75013044e+03 
2.47463732e+03 1.07129346e+00 6.74610906e+03 
2.47316158e+03 1.07124883e+00 6.74208767e+03 
2.47168584e+03 1.07120415e+00 6.73806628e+03 
2.47021011e+03 1.07115942e+00 6.73404489e+03 
2.46873437e+03 1.07111463e+00 6.73002350e+03 
2.46725863e+03 1.07106979e+00 6.72600212e+03 
2.46578289e+03 1.07102490e+00 6.72198073e+03 
2.46430715e+03 1.07097996e+00 6.71795934e+03 
2.46283142e+03 1.07093496e+00 6.71393795e+03 
2.46135568e+03 1.07088991e+00 6.70991657e+03 
2.45987994e+03 1.07084480e+00 6.70589518e+03 
2.45840420e+03 1.07079965e+00 6.70187379e+03 
2.45692846e+03 1.07075444e+00 6.69785240e+03 
2.45545273e+03 1.07070917e+00 6.69383101e+03 
2.45397699e+03 1.07066386e+00 6.68980963e+03 
2.45250125e+03 1.07061848e+00 6.68578824e+03 
2.45102551e+03 1.07057306e+00 6.68176685e+03 
2.44954977e+03 1.07052758e+00 6.67774546e+03 
2.44807404e+03 1.07048205e+00 6.67372408e+03 
2.44659830e+03 1.07043646e+00 6.66970269e+03 
2.44512256e+03 1.07039082e+00 6.66568130e+03 
2.44364682e+03 1.07034513e+00 6.66165991e+03 
2.44217109e+03 1.07029938e+00 6.65763852e+03 
2.44069535e+03 1.07025358e+00 6.65361714e+03 
2.43921961e+03 1.07020772e+00 6.64959575e+03 
2.43774387e+03 1.07016181e+00 6.64557436e+03 
2.43626813e+03 1.07011584e+00 6.64155297e+03 
2.43479240e+03 1.07006981e+00 6.63753158e+03 
2.43331666e+03 1.07002373e+00 6.63351020e+03 
2.43184092e+03 1.06997760e+00 6.62948881e+03 
2.43036518e+03 1.06993141e+00 6.62546742e+03 
2.42888944e+03 1.06988516e+00 6.62144603e+03 
2.42741371e+03 1.06983886e+00 6.61742465e+03 
2.42593797e+03 1.06979250e+00 6.61340326e+03 
2.42446223e+03 1.06974608e+00 6.60938187e+03 
2.42298649e+03 1.06969961e+00 6.60536048e+03 
2.42151076e+03 1.06965308e+00 6.60133909e+03 
2.42003502e+03 1.06960649e+00 6.59731771e+03 
2.41855928e+03 1.06955984e+00 6.59329632e+03 
2.41708354e+03 1.06951314e+00 6.58927493e+03 
2.41560780e+03 1.06946638e+00 6.58525354e+03 
2.41413207e+03 1.06941955e+00 6.58123215e+03 
2.41265633e+03 1.06937267e+00 6.57721077e+03 
2.41118059e+03 1.06932573e+00 6.57318938e+03 
2.40970485e+03 1.06927873e+00 6.56916799e+03 
2.40822911e+03 1.06923167e+00 6.56514660e+03 
2.40675338e+03 1.06918455e+00 6.56112521e+03 
2.40527764e+03 1.06913737e+00 6.55710383e+03 
2.40380190e+03 1.06909013e+00 6.55308244e+03 
2.40232616e+03 1.06904283e+00 6.54906105e+03 
2.40085043e+03 1.06899547e+00 6.54503966e+03 
2.39937469e+03 1.06894804e+00 6.54101828e+03 
2.39789895e+03 1.06890055e+00 6.53699689e+03 
2.39642321e+03 1.06885300e+00 6.53297550e+03 
2.39494747e+03 1.06880539e+00 6.52895411e+03 
2.39347174e+03 1.06875771e+00 6.52493272e+03 
2.39199600e+03 1.06870997e+00 6.52091134e+03 
2.39052026e+03 1.06866217e+00 6.51688995e+03 
2.38904452e+03 1.06861430e+00 6.51286856e+03 
2.38756878e+03 1.06856637e+00 6.50884717e+03 
2.38609305e+03 1.06851837e+00 6.50482578e+03 
2.38461731e+03 1.06847030e+00 6.50080440e+03 
2.38314157e+03 1.06842217e+00 6.49678301e+03 
2.38166583e+03 1.06837397e+00 6.49276162e+03 
2.38019010e+03 1.06832571e+00 6.48874023e+03 
2.37871436e+03 1.06827738e+00 6.48471884e+03 
2.37723862e+03 1.06822898e+00 6.48069746e+03 
2.37576288e+03 1.06818051e+00 6.47667607e+03 
2.37428714e+03 1.06813198e+00 6.47265468e+03 
2.37281141e+03 1.06808337e+00 6.46863329e+03 
2.37133567e+03 1.06803470e+00 6.46461190e+03 
2.36985993e+03 1.06798596e+00 6.46059052e+03 
2.36838419e+03 1.06793714e+00 6.45656913e+03 
2.36690845e+03 1.06788826e+00 6.45254774e+03 
2.36543272e+03 1.06783930e+00 6.44852635e+03 
2.36395698e+03 1.06779027e+00 6.44450496e+03 
2.36248124e+03 1.06774117e+00 6.44048358e+03 
2.36100550e+03 1.06769200e+00 6.43646219e+03 
2.35952976e+03 1.06764276e+00 6.43244080e+03 
2.35805403e+03 1.06759344e+00 6.42841941e+03 
2.35657829e+03 1.06754404e+00 6.42439802e+03 
2.35510255e+03 1.06749458e+00 6.42037664e+03 
2.35362681e+03 1.06744503e+00 6.41635525e+03 
2.35215108e+03 1.06739542e+00 6.41233386e+03 
2.35067534e+03 1.06734572e+00 6.40831247e+03 
2.34919960e+03 1.06729595e+00 6.40429108e+03 
2.34772386e+03 1.06724610e+00 6.40026970e+03 
2.34624812e+03 1.06719618e+00 6.39624831e+03 
2.34477239e+03 1.06714618e+00 6.39222692e+03 
2.34329665e+03 1.06709609e+00 6.38820553e+03 
2.34182091e+03 1.06704593e+00 6.38418414e+03 
2.34034517e+03 1.06699569e+00 6.38016275e+03 
2.33886943e+03 1.06694537e+00 6.37614137e+03 
2.33739370e+03 1.06689497e+00 6.37211998e+03 
2.33591796e+03 1.06684449e+00 6.36809859e+03 
2.33444222e+03 1.06679393e+00 6.36407720e+03 
2.33296648e+03 1.06674328e+00 6.36005581e+03 
2.33149075e+03 1.06669255e+00 6.35603443e+03 
2.33001501e+03 1.06664174e+00 6.35201304e+03 
2.32853927e+03 1.06659084e+00 6.34799165e+03 
2.32706353e+03 1.06653986e+00 6.34397026e+03 
2.32558779e+03 1.06648880e+00 6.33994887e+03 
2.32411206e+03 1.06643764e+00 6.33592749e+03 
2.32263632e+03 1.06638641e+00 6.33190610e+03 
2.32116058e+03 1.06633508e+00 6.32788471e+03 
2.31968484e+03 1.06628367e+00 6.32386332e+03 
2.31820910e+03 1.06623217e+00 6.31984193e+03 
2.31673337e+03 1.06618058e+00 6.31582055e+03 
2.31525763e+03 1.06612891e+00 6.31179916e+03 
2.31378189e+03 1.06607714e+00 6.30777777e+03 
2.31230615e+03 1.06602528e+00 6.30375638e+03 
2.31083042e+03 1.06597334e+00 6.29973499e+03 
2.30935468e+03 1.06592130e+00 6.29571360e+03 
2.30787894e+03 1.06586917e+00 6.29169222e+03 
2.30640320e+03 1.06581694e+00 6.28767083e+03 
2.30492746e+03 1.06576463e+00 6.28364944e+03 
2.30345173e+03 1.06571222e+00 6.27962805e+03 
2.30197599e+03 1.06565971e+00 6.27560666e+03 
2.30050025e+03 1.06560711e+00 6.27158528e+03 
2.29902451e+03 1.06555442e+00 6.26756389e+03 
2.29754877e+03 1.06550163e+00 6.26354250e+03 
2.29607304e+03 1.06544874e+00 6.25952111e+03 
2.29459730e+03 1.06539575e+00 6.25549972e+03 
2.29312156e+03 1.06534267e+00 6.25147833e+03 
2.29164582e+03 1.06528949e+00 6.24745695e+03 
2.29017009e+03 1.06523621e+00 6.24343556e+03 
2.28869435e+03 1.06518282e+00 6.23941417e+03 
2.28721861e+03 1.06512934e+00 6.23539278e+03 
2.28574287e+03 1.06507576e+00 6.23137139e+03 
2.28426713e+03 1.06502207e+00 6.22735000e+03 
2.28279140e+03 1.06496828e+00 6.22332862e+03 
2.28131566e+03 1.06491439e+00 6.21930723e+03 
2.27983992e+03 1.06486040e+00 6.21528584e+03 
2.27836418e+03 1.06480630e+00 6.21126445e+03 
2.27688844e+03 1.06475209e+00 6.20724306e+03 
2.27541271e+03 1.06469778e+00 6.20322168e+03 
2.27393697e+03 1.06464337e+00 6.19920029e+03 
2.27246123e+03 1.06458884e+00 6.19517890e+03 
2.27098549e+03 1.06453421e+00 6.19115751e+03 
2.26950975e+03 1.06447947e+00 6.18713612e+03 
2.26803402e+03 1.06442462e+00 6.18311473e+03 
2.26655828e+03 1.06436966e+00 6.17909335e+03 
2.26508254e+03 1.06431459e+00 6.17507196e+03 
2.26360680e+03 1.06425941e+00 6.17105057e+03 
2.26213107e+03 1.06420412e+00 6.16702918e+03 
2.26065533e+03 1.06414871e+00 6.16300779e+03 
2.25917959e+03 1.06409319e+00 6.15898640e+03 
2.25770385e+03 1.06403756e+00 6.15496502e+03 
2.25622811e+03 1.06398181e+00 6.15094363e+03 
2.25475238e+03 1.06392595e+00 6.14692224e+03 
2.25327664e+03 1.06386997e+00 6.14290085e+03 
2.25180090e+03 1.06381387e+00 6.13887946e+03 
2.25032516e+03 1.06375766e+00 6.13485807e+03 
2.24884942e+03 1.06370133e+00 6.13083669e+03 
2.24737369e+03 1.06364488e+00 6.12681530e+03 
2.24589795e+03 1.06358831e+00 6.12279391e+03 
2.24442221e+03 1.06353162e+00 6.11877252e+03 
2.24294647e+03 1.06347481e+00 6.11475113e+03 
2.24147074e+03 1.06341788e+00 6.11072974e+03 
2.23999500e+03 1.06336082e+00 6.10670836e+03 
2.23851926e+03 1.06330364e+00 6.10268697e+03 
2.23704352e+03 1.06324634e+00 6.09866558e+03 
2.23556778e+03 1.06318892e+00 6.09464419e+03 
2.23409205e+03 1.06313136e+00 6.09062280e+03 
2.23261631e+03 1.06307369e+00 6.08660141e+03 
2.23114057e+03 1.06301588e+00 6.08258003e+03 
2.22966483e+03 1.06295795e+00 6.07855864e+03 
2.22818909e+03 1.06289989e+00 6.07453725e+03 
2.22671336e+03 1.06284170e+00 6.07051586e+03 
2.22523762e+03 1.06278338e+00 6.06649447e+03 
2.22376188e+03 1.06272493e+00 6.06247308e+03 
2.22228614e+03 1.06266635e+00 6.05845170e+03 
2.22081041e+03 1.06260763e+00 6.05443031e+03 
2.21933467e+03 1.06254879e+00 6.05040892e+03 
2.21785893e+03 1.06248981e+00 6.04638753e+03 
2.21638319e+03 1.06243069e+00 6.04236614e+03 
2.21490745e+03 1.06237144e+00 6.03834475e+03 
2.21343172e+03 1.06231206e+00 6.03432337e+03 
2.21195598e+03 1.06225254e+00 6.03030198e+03 
2.21048024e+03 1.06219288e+00 6.02628059e+03 
2.20900450e+03 1.06213308e+00 6.02225920e+03 
2.20752876e+03 1.06207314e+00 6.01823781e+03 
2.20605303e+03 1.06201307e+00 6.01421642e+03 
2.20457729e+03 1.06195285e+00 6.01019503e+03 
2.20310155e+03 1.06189249e+00 6.00617365e+03 
2.20162581e+03 1.06183199e+00 6.00215226e+03 
2.20015008e+03 1.06177135e+00 5.99813087e+03 
2.19867434e+03 1.06171056e+00 5.99410948e+03 
2.19719860e+03 1.06164963e+00 5.99008809e+03 
2.19572286e+03 1.06158855e+00 5.98606670e+03 
2.19424712e+03 1.06152733e+00 5.98204531e+03 
2.19277139e+03 1.06146596e+00 5.97802393e+03 
2.19129565e+03 1.06140444e+00 5.97400254e+03 
2.18981991e+03 1.06134277e+00 5.96998115e+03 
2.18834417e+03 1.06128096e+00 5.96595976e+03 
2.18686843e+03 1.06121899e+00 5.96193837e+03 
2.18539270e+03 1.06115687e+00 5.95791698e+03 
2.18391696e+03 1.06109460e+00 5.95389560e+03 
2.18244122e+03 1.06103218e+00 5.94987421e+03 
2.18096548e+03 1.06096961e+00 5.94585282e+03 
2.17948974e+03 1.06090688e+00 5.94183143e+03 
2.17801401e+03 1.06084399e+00 5.93781004e+03 
2.17653827e+03 1.06078095e+00 5.93378865e+03 
2.17506253e+03 1.06071775e+00 5.92976726e+03 
2.17358679e+03 1.06065440e+00 5.92574588e+03 
2.17211106e+03 1.06059088e+00 5.92172449e+03 
2.17063532e+03 1.06052721e+00 5.91770310e+03 
2.16915958e+03 1.06046338e+00 5.91368171e+03 
2.16768384e+03 1.06039938e+00 5.90966032e+03 
2.16620810e+03 1.06033523e+00 5.90563893e+03 
2.16473237e+03 1.06027091e+00 5.90161754e+03 
2.16325663e+03 1.06020642e+00 5.89759616e+03 
2.16178089e+03 1.06014178e+00 5.89357477e+03 
2.16030515e+03 1.06007696e+00 5.88955338e+03 
2.15882941e+03 1.06001198e+00 5.88553199e+03 
2.15735368e+03 1.05994684e+00 5.88151060e+03 
2.15587794e+03 1.05988152e+00 5.87748921e+03 
2.15440220e+03 1.05981604e+00 5.87346782e+03 
2.15292646e+03 1.05975039e+00 5.86944644e+03 
2.15145073e+03 1.05968456e+00 5.86542505e+03 
2.14997499e+03 1.05961857e+00 5.86140366e+03 
2.14849925e+03 1.05955240e+00 5.85738227e+03 
2.14702351e+03 1.05948606e+00 5.85336088e+03 
2.14554777e+03 1.05941955e+00 5.84933949e+03 
2.14407204e+03 1.05935286e+00 5.84531810e+03 
2.14259630e+03 1.05928599e+00 5.84129671e+03 
2.14112056e+03 1.05921895e+00 5.83727533e+03 
2.13964482e+03 1.05915173e+00 5.83325394e+03 
2.13816908e+03 1.05908433e+00 5.82923255e+03 
2.13669335e+03 1.05901675e+00 5.82521116e+03 
2.13521761e+03 1.05894899e+00 5.82118977e+03 
2.13374187e+03 1.05888104e+00 5.81716838e+03 
2.13226613e+03 1.05881292e+00 5.81314699e+03 
2.13079040e+03 1.05874461e+00 5.80912560e+03 
2.12931466e+03 1.05867612e+00 5.80510422e+03 
2.12783892e+03 1.05860745e+00 5.80108283e+03 
2.12636318e+03 1.05853858e+00 5.79706144e+03 
2.12488744e+03 1.05846953e+00 5.79304005e+03 
2.12341171e+03 1.05840029e+00 5.78901866e+03 
2.12193597e+03 1.05833087e+00 5.78499727e+03 
2.12046023e+03 1.05826125e+00 5.78097588e+03 
2.11898449e+03 1.05819144e+00 5.77695450e+03 
2.11750875e+03 1.05812144e+00 5.77293311e+03 
2.11603302e+03 1.05805125e+00 5.76891172e+03 
2.11455728e+03 1.05798087e+00 5.76489033e+03 
2.11308154e+03 1.05791029e+00 5.76086894e+03 
2.11160580e+03 1.05783951e+00 5.75684755e+03 
2.11013007e+03 1.05776854e+00 5.75282616e+03 
2.10865433e+03 1.05769737e+00 5.74880477e+03 
2.10717859e+03 1.05762600e+00 5.74478338e+03 
2.10570285e+03 1.05755443e+00 5.74076200e+03 
2.10422711e+03 1.05748266e+00 5.73674061e+03 
2.10275138e+03 1.05741069e+00 5.73271922e+03 
2.10127564e+03 1.05733852e+00 5.72869783e+03 
2.09979990e+03 1.05726614e+00 5.72467644e+03 
2.09832416e+03 1.05719356e+00 5.72065505e+03 
2.09684842e+03 1.05712077e+00 5.71663366e+03 
2.09537269e+03 1.05704778e+00 5.71261227e+03 
2.09389695e+03 1.05697458e+00 5.70859089e+03 
2.09242121e+03 1.05690117e+00 5.70456950e+03 
2.09094547e+03 1.05682756e+00 5.70054811e+03 
2.08946973e+03 1.05675373e+00 5.69652672e+03 
2.08799400e+03 1.05667969e+00 5.69250533e+03 
2.08651826e+03 1.05660544e+00 5.68848394e+03 
2.08504252e+03 1.05653097e+00 5.68446255e+03 
2.08356678e+03 1.05645629e+00 5.68044116e+03 
2.08209105e+03 1.05638139e+00 5.67641977e+03 
2.08061531e+03 1.05630628e+00 5.67239839e+03 
2.07913957e+03 1.05623095e+00 5.66837700e+03 
2.07766383e+03 1.05615540e+00 5.66435561e+03 
2.07618809e+03 1.05607964e+00 5.66033422e+03 
2.07471236e+03 1.05600365e+00 5.65631283e+03 
2.07323662e+03 1.05592744e+00 5.65229144e+03 
2.07176088e+03 1.05585100e+00 5.64827005e+03 
2.07028514e+03 1.05577435e+00 5.64424866e+03 
2.06880940e+03 1.05569746e+00 5.64022727e+03 
2.06733367e+03 1.05562036e+00 5.63620589e+03 
2.06585793e+03 1.05554302e+00 5.63218450e+03 
2.06438219e+03 1.05546546e+00 5.62816311e+03 
2.06290645e+03 1.05538767e+00 5.62414172e+03 
2.06143072e+03 1.05530964e+00 5.62012033e+03 
2.05995498e+03 1.05523139e+00 5.61609894e+03 
2.05847924e+03 1.05515290e+00 5.61207755e+03 
2.05700350e+03 1.05507418e+00 5.60805616e+03 
2.05552776e+03 1.05499523e+00 5.60403477e+03 
2.05405203e+03 1.05491604e+00 5.60001338e+03 
2.05257629e+03 1.05483661e+00 5.59599200e+03 
2.05110055e+03 1.05475695e+00 5.59197061e+03 
2.04962481e+03 1.05467705e+00 5.58794922e+03 
2.04814907e+03 1.05459690e+00 5.58392783e+03 
2.04667334e+03 1.05451652e+00 5.57990644e+03 
2.04519760e+03 1.05443589e+00 5.57588505e+03 
2.04372186e+03 1.05435503e+00 5.57186366e+03 
2.04224612e+03 1.05427391e+00 5.56784227e+03 
2.04077039e+03 1.05419255e+00 5.56382088e+03 
2.03929465e+03 1.05411095e+00 5.55979949e+03 
2.03781891e+03 1.05402909e+00 5.55577810e+03 
2.03634317e+03 1.05394699e+00 5.55175672e+03 
2.03486743e+03 1.05386464e+00 5.54773533e+03 
2.03339170e+03 1.05378204e+00 5.54371394e+03 
2.03191596e+03 1.05369918e+00 5.53969255e+03 
2.03044022e+03 1.05361607e+00 5.53567116e+03 
2.02896448e+03 1.05353271e+00 5.53164977e+03 
2.02748874e+03 1.05344909e+00 5.52762838e+03 
2.02601301e+03 1.05336522e+00 5.52360699e+03 
2.02453727e+03 1.05328108e+00 5.51958560e+03 
2.02306153e+03 1.05319669e+00 5.51556421e+03 
2.02158579e+03 1.05311204e+00 5.51154282e+03 
2.02011006e+03 1.05302712e+00 5.50752144e+03 
2.01863432e+03 1.05294195e+00 5.50350005e+03 
2.01715858e+03 1.05285651e+00 5.49947866e+03 
2.01568284e+03 1.05277080e+00 5.49545727e+03 
2.01420710e+03 1.05268483e+00 5.49143588e+03 
2.01273137e+03 1.05259860e+00 5.48741449e+03 
2.01125563e+03 1.05251209e+00 5.48339310e+03 
2.00977989e+03 1.05242531e+00 5.47937171e+03 
2.00830415e+03 1.05233827e+00 5.47535032e+03 
2.00682841e+03 1.05225095e+00 5.47132893e+03 
2.00535268e+03 1.05216336e+00 5.46730754e+03 
2.00387694e+03 1.05207549e+00 5.46328615e+03 
2.00240120e+03 1.05198735e+00 5.45926476e+03 
2.00092546e+03 1.05189894e+00 5.45524338e+03 
1.99944972e+03 1.05181024e+00 5.45122199e+03 
1.99797399e+03 1.05172127e+00 5.44720060e+03 
1.99649825e+03 1.05163201e+00 5.44317921e+03 
1.99502251e+03 1.05154248e+00 5.43915782e+03 
1.99354677e+03 1.05145266e+00 5.43513643e+03 
1.99207104e+03 1.05136256e+00 5.43111504e+03 
1.99059530e+03 1.05127217e+00 5.42709365e+03 
1.98911956e+03 1.05118150e+00 5.42307226e+03 
1.98764382e+03 1.05109054e+00 5.41905087e+03 
1.98616808e+03 1.05099929e+00 5.41502948e+03 
1.98469235e+03 1.05090775e+00 5.41100809e+03 
1.98321661e+03 1.05081592e+00 5.40698670e+03 
1.98174087e+03 1.05072380e+00 5.40296531e+03 
1.98026513e+03 1.05063138e+00 5.39894393e+03 
1.97878939e+03 1.05053867e+00 5.39492254e+03 
1.97731366e+03 1.05044567e+00 5.39090115e+03 
1.97583792e+03 1.05035236e+00 5.38687976e+03 
1.97436218e+03 1.05025876e+00 5.38285837e+03 
1.97288644e+03 1.05016486e+00 5.37883698e+03 
1.97141071e+03 1.05007066e+00 5.37481559e+03 
1.96993497e+03 1.04997615e+00 5.37079420e+03 
1.96845923e+03 1.04988134e+00 5.36677281e+03 
1.96698349e+03 1.04978623e+00 5.36275142e+03 
1.96550775e+03 1.04969081e+00 5.35873003e+03 
1.96403202e+03 1.04959508e+00 5.35470864e+03 
1.96255628e+03 1.04949905e+00 5.35068725e+03 
1.96108054e+03 1.04940270e+00 5.34666586e+03 
1.95960480e+03 1.04930605e+00 5.34264447e+03 
1.95812906e+03 1.04920908e+00 5.33862308e+03 
1.95665333e+03 1.04911180e+00 5.33460169e+03 
1.95517759e+03 1.04901420e+00 5.33058031e+03 
1.95370185e+03 1.04891629e+00 5.32655892e+03 
1.95222611e+03 1.04881806e+00 5.32253753e+03 
1.95075038e+03 1.04871951e+00 5.31851614e+03 
1.94927464e+03 1.04862064e+00 5.31449475e+03 
1.94779890e+03 1.04852145e+00 5.31047336e+03 
1.94632316e+03 1.04842194e+00 5.30645197e+03 
1.94484742e+03 1.04832211e+00 5.30243058e+03 
1.94337169e+03 1.04822195e+00 5.29840919e+03 
1.94189595e+03 1.04812146e+00 5.29438780e+03 
1.94042021e+03 1.04802064e+00 5.29036641e+03 
1.93894447e+03 1.04791950e+00 5.28634502e+03 
1.93746873e+03 1.04781803e+00 5.28232363e+03 
1.93599300e+03 1.04771622e+00 5.27830224e+03 
1.93451726e+03 1.04761408e+00 5.27428085e+03 
1.93304152e+03 1.04751161e+00 5.27025946e+03 
1.93156578e+03 1.04740880e+00 5.26623807e+03 
1.93009005e+03 1.04730566e+00 5.26221668e+03 
1.92861431e+03 1.04720217e+00 5.25819529e+03 
1.92713857e+03 1.04709835e+00 5.25417390e+03 
1.92566283e+03 1.04699419e+00 5.25015251e+03 
1.92418709e+03 1.04688968e+00 5.24613113e+03 
1.92271136e+03 1.04678483e+00 5.24210974e+03 
1.92123562e+03 1.04667964e+00 5.23808835e+03 
1.91975988e+03 1.04657410e+00 5.23406696e+03 
1.91828414e+03 1.04646821e+00 5.23004557e+03 
1.91680840e+03 1.04636197e+00 5.22602418e+03 
1.91533267e+03 1.04625539e+00 5.22200279e+03 
1.91385693e+03 1.04614845e+00 5.21798140e+03 
1.91238119e+03 1.04604116e+00 5.21396001e+03 
1.91090545e+03 1.04593351e+00 5.20993862e+03 
1.90942971e+03 1.04582551e+00 5.20591723e+03 
1.90795398e+03 1.04571716e+00 5.20189584e+03 
1.90647824e+03 1.04560844e+00 5.19787445e+03 
1.90500250e+03 1.04549936e+00 5.19385306e+03 
1.90352676e+03 1.04538993e+00 5.18983167e+03 
1.90205103e+03 1.04528013e+00 5.18581028e+03 
1.90057529e+03 1.04516997e+00 5.18178889e+03 
1.89909955e+03 1.04505944e+00 5.17776750e+03 
1.89762381e+03 1.04494855e+00 5.17374611e+03 
1.89614807e+03 1.04483729e+00 5.16972472e+03 
1.89467234e+03 1.04472566e+00 5.16570333e+03 
1.89319660e+03 1.04461365e+00 5.16168194e+03 
1.89172086e+03 1.04450128e+00 5.15766055e+03 
1.89024512e+03 1.04438853e+00 5.15363916e+03 
1.88876938e+03 1.04427541e+00 5.14961777e+03 
1.88729365e+03 1.04416192e+00 5.14559638e+03 
1.88581791e+03 1.04404804e+00 5.14157499e+03 
1.88434217e+03 1.04393379e+00 5.13755360e+03 
1.88286643e+03 1.04381915e+00 5.13353221e+03 
1.88139070e+03 1.04370414e+00 5.12951082e+03 
1.87991496e+03 1.04358874e+00 5.12548943e+03 
1.87843922e+03 1.04347295e+00 5.12146804e+03 
1.87696348e+03 1.04335678e+00 5.11744665e+03 
1.87548774e+03 1.04324023e+00 5.11342526e+03 
1.87401201e+03 1.04312328e+00 5.10940387e+03 
1.87253627e+03 1.04300594e+00 5.10538248e+03 
1.87106053e+03 1.04288821e+00 5.10136109e+03 
1.86958479e+03 1.04277009e+00 5.09733970e+03 
1.86810905e+03 1.04265157e+00 5.09331831e+03 
1.86663332e+03 1.04253266e+00 5.08929692e+03 
1.86515758e+03 1.04241335e+00 5.08527553e+03 
1.86368184e+03 1.04229364e+00 5.08125414e+03 
1.86220610e+03 1.04217353e+00 5.07723275e+03 
1.86073037e+03 1.04205301e+00 5.07321136e+03 
1.85925463e+03 1.04193210e+00 5.06918997e+03 
1.85777889e+03 1.04181077e+00 5.06516858e+03 
1.85630315e+03 1.04168905e+00 5.06114719e+03 
1.85482741e+03 1.04156691e+00 5.05712580e+03 
1.85335168e+03 1.04144436e+00 5.05310441e+03 
1.85187594e+03 1.04132140e+00 5.04908302e+03 
1.85040020e+03 1.04119803e+00 5.04506163e+03 
1.84892446e+03 1.04107425e+00 5.04104024e+03 
1.84744872e+03 1.04095004e+00 5.03701885e+03 
1.84597299e+03 1.04082542e+00 5.03299746e+03 
1.84449725e+03 1.04070039e+00 5.02897607e+03 
1.84302151e+03 1.04057493e+00 5.02495468e+03 
1.84154577e+03 1.04044904e+00 5.02093329e+03 
1.84007004e+03 1.04032274e+00 5.01691190e+03 
1.83859430e+03 1.04019601e+00 5.01289051e+03 
1.83711856e+03 1.04006885e+00 5.00886912e+03 
1.83564282e+03 1.03994126e+00 5.00484773e+03 
1.83416708e+03 1.03981324e+00 5.00082634e+03 
1.83269135e+03 1.03968479e+00 4.99680495e+03 
1.83121561e+03 1.03955590e+00 4.99278356e+03 
1.82973987e+03 1.03942658e+00 4.98876217e+03 
1.82826413e+03 1.03929682e+00 4.98474078e+03 
1.82678839e+03 1.03916662e+00 4.98071939e+03 
1.82531266e+03 1.03903598e+00 4.97669800e+03 
1.82383692e+03 1.03890490e+00 4.97267661e+03 
1.82236118e+03 1.03877337e+00 4.96865522e+03 
1.82088544e+03 1.03864140e+00 4.96463383e+03 
1.81940970e+03 1.03850898e+00 4.96061244e+03 
1.81793397e+03 1.03837610e+00 4.95659105e+03 
1.81645823e+03 1.03824278e+00 4.95256966e+03 
1.81498249e+03 1.03810900e+00 4.94854827e+03 
1.81350675e+03 1.03797476e+00 4.94452688e+03 
1.81203102e+03 1.03784006e+00 4.94050549e+03 
1.81055528e+03 1.03770491e+00 4.93648410e+03 
1.80907954e+03 1.03756929e+00 4.93246271e+03 
1.80760380e+03 1.03743321e+00 4.92844132e+03 
1.80612806e+03 1.03729666e+00 4.92441993e+03 
1.80465233e+03 1.03715964e+00 4.92039854e+03 
1.80317659e+03 1.03702216e+00 4.91637715e+03 
1.80170085e+03 1.03688419e+00 4.91235576e+03 
1.80022511e+03 1.03674576e+00 4.90833437e+03 
1.79874937e+03 1.03660684e+00 4.90431298e+03 
1.79727364e+03 1.03646745e+00 4.90029158e+03 
1.79579790e+03 1.03632757e+00 4.89627019e+03 
1.79432216e+03 1.03618721e+00 4.89224880e+03 
1.79284642e+03 1.03604636e+00 4.88822741e+03 
1.79137069e+03 1.03590502e+00 4.88420602e+03 
1.78989495e+03 1.03576319e+00 4.88018463e+03 
1.78841921e+03 1.03562086e+00 4.87616324e+03 
1.78694347e+03 1.03547804e+00 4.87214185e+03 
1.78546773e+03 1.03533472e+00 4.86812046e+03 
1.78399200e+03 1.03519089e+00 4.86409907e+03 
1.78251626e+03 1.03504655e+00 4.86007768e+03 
1.78104052e+03 1.03490171e+00 4.85605629e+03 
1.77956478e+03 1.03475636e+00 4.85203490e+03 
1.77808904e+03 1.03461049e+00 4.84801351e+03 
1.77661331e+03 1.03446410e+00 4.84399212e+03 
1.77513757e+03 1.03431719e+00 4.83997073e+03 
1.77366183e+03 1.03416976e+00 4.83594934e+03 
1.77218609e+03 1.03402179e+00 4.83192795e+03 
1.77071036e+03 1.03387330e+00 4.82790656e+03 
1.76923462e+03 1.03372427e+00 4.82388516e+03 
1.76775888e+03 1.03357471e+00 4.81986377e+03 
1.76628314e+03 1.03342460e+00 4.81584238e+03 
1.76480740e+03 1.03327394e+00 4.81182099e+03 
1.76333167e+03 1.03312274e+00 4.80779960e+03 
1.76185593e+03 1.03297098e+00 4.80377821e+03 
1.76038019e+03 1.03281866e+00 4.79975682e+03 
1.75890445e+03 1.03266578e+00 4.79573543e+03 
1.75742871e+03 1.03251234e+00 4.79171404e+03 
1.75595298e+03 1.03235832e+00 4.78769265e+03 
1.75447724e+03 1.03220372e+00 4.78367126e+03 
1.75300150e+03 1.03204855e+00 4.77964987e+03 
1.75152576e+03 1.03189279e+00 4.77562848e+03 
1.75005003e+03 1.03173644e+00 4.77160709e+03 
1.74857429e+03 1.03157949e+00 4.76758570e+03 
1.74709855e+03 1.03142195e+00 4.76356430e+03 
1.74562281e+03 1.03126379e+00 4.75954291e+03 
1.74414707e+03 1.03110502e+00 4.75552152e+03 
1.74267134e+03 1.03094564e+00 4.75150013e+03 
1.74119560e+03 1.03078563e+00 4.74747874e+03 
1.73971986e+03 1.03062499e+00 4.74345735e+03 
1.73824412e+03 1.03046371e+00 4.73943596e+03 
1.73676838e+03 1.03030179e+00 4.73541457e+03 
1.73529265e+03 1.03013922e+00 4.73139318e+03 
1.73381691e+03 1.02997600e+00 4.72737179e+03 
1.73234117e+03 1.02981210e+00 4.72335040e+03 
1.73086543e+03 1.02964754e+00 4.71932900e+03 
1.72938969e+03 1.02948229e+00 4.71530761e+03 
1.72791396e+03 1.02931636e+00 4.71128622e+03 
1.72643822e+03 1.02914973e+00 4.70726483e+03 
1.72496248e+03 1.02898239e+00 4.70324344e+03 
1.72348674e+03 1.02881434e+00 4.69922205e+03 
1.72201101e+03 1.02864557e+00 4.69520066e+03 
1.72053527e+03 1.02847606e+00 4.69117927e+03 
1.71905953e+03 1.02830581e+00 4.68715788e+03 
1.71758379e+03 1.02813481e+00 4.68313649e+03 
1.71610805e+03 1.02796305e+00 4.67911510e+03 
1.71463232e+03 1.02779051e+00 4.67509370e+03 
1.71315658e+03 1.02761718e+00 4.67107231e+03 
1.71168084e+03 1.02744306e+00 4.66705092e+03 
1.71020510e+03 1.02726813e+00 4.66302953e+03 
1.70872936e+03 1.02709237e+00 4.65900814e+03 
1.70725363e+03 1.02691578e+00 4.65498675e+03 
1.70577789e+03 1.02673835e+00 4.65096536e+03 
1.70430215e+03 1.02656005e+00 4.64694397e+03 
1.70282641e+03 1.02638087e+00 4.64292258e+03 
1.70135068e+03 1.02620081e+00 4.63890118e+03 
1.69987494e+03 1.02601983e+00 4.63487979e+03 
1.69839920e+03 1.02583794e+00 4.63085840e+03 
1.69692346e+03 1.02565510e+00 4.62683701e+03 
1.69544772e+03 1.02547131e+00 4.62281562e+03 
1.69397199e+03 1.02528654e+00 4.61879423e+03 
1.69249625e+03 1.02510078e+00 4.61477284e+03 
1.69102051e+03 1.02491401e+00 4.61075145e+03 
1.68954477e+03 1.02472621e+00 4.60673005e+03 
1.68806903e+03 1.02453736e+00 4.60270866e+03 
1.68659330e+03 1.02434743e+00 4.59868727e+03 
1.68511756e+03 1.02415641e+00 4.59466588e+03 
1.68364182e+03 1.02396427e+00 4.59064449e+03 
1.68216608e+03 1.02377098e+00 4.58662310e+03 
1.68069035e+03 1.02357654e+00 4.58260171e+03 
1.67921461e+03 1.02338090e+00 4.57858031e+03 
1.67773887e+03 1.02318404e+00 4.57455892e+03 
1.67626313e+03 1.02298594e+00 4.57053753e+03 
1.67478739e+03 1.02278657e+00 4.56651614e+03 
1.67331166e+03 1.02258589e+00 4.56249475e+03 
1.67183592e+03 1.02238388e+00 4.55847336e+03 
1.67036018e+03 1.02218051e+00 4.55445197e+03 
1.66888444e+03 1.02197574e+00 4.55043057e+03 
1.66740870e+03 1.02176954e+00 4.54640918e+03 
1.66593297e+03 1.02156188e+00 4.54238779e+03 
1.66445723e+03 1.02135271e+00 4.53836640e+03 
1.66298149e+03 1.02114200e+00 4.53434501e+03 
1.66150575e+03 1.02092972e+00 4.53032362e+03 
1.66003002e+03 1.02071582e+00 4.52630222e+03 
1.65855428e+03 1.02050025e+00 4.52228083e+03 
1.65707854e+03 1.02028298e+00 4.51825944e+03 
1.65560280e+03 1.02006397e+00 4.51423805e+03 
1.65412706e+03 1.01984315e+00 4.51021666e+03 
1.65265133e+03 1.01962049e+00 4.50619527e+03 
1.65117559e+03 1.01939594e+00 4.50217387e+03 
1.64969985e+03 1.01916944e+00 4.49815248e+03 
1.64822411e+03 1.01894095e+00 4.49413109e+03 
1.64674837e+03 1.01871039e+00 4.49010970e+03 
1.64527264e+03 1.01847772e+00 4.48608831e+03 
1.64379690e+03 1.01824288e+00 4.48206692e+03 
1.64232116e+03 1.01800580e+00 4.47804552e+03 
1.64084542e+03 1.01776643e+00 4.47402413e+03 
1.63936968e+03 1.01752468e+00 4.47000274e+03 
1.63789395e+03 1.01728050e+00 4.46598135e+03 
1.63641821e+03 1.01703382e+00 4.46195996e+03 
1.63494247e+03 1.01678455e+00 4.45793856e+03 
1.63346673e+03 1.01653262e+00 4.45391717e+03 
1.63199100e+03 1.01627796e+00 4.44989578e+03 
1.63051526e+03 1.01602047e+00 4.44587439e+03 
1.62903952e+03 1.01576008e+00 4.44185300e+03 
1.62756378e+03 1.01549670e+00 4.43783161e+03 
1.62608804e+03 1.01523024e+00 4.43381021e+03 
1.62461231e+03 1.01496059e+00 4.42978882e+03 
1.62313657e+03 1.01468767e+00 4.42576743e+03 
1.62166083e+03 1.01441138e+00 4.42174604e+03 
1.62018509e+03 1.01413160e+00 4.41772464e+03 
1.61870935e+03 1.01384822e+00 4.41370325e+03 
1.61723362e+03 1.01356115e+00 4.40968186e+03 
1.61575788e+03 1.01327026e+00 4.40566047e+03 
1.61428214e+03 1.01297543e+00 4.40163908e+03 
1.61280640e+03 1.01267654e+00 4.39761768e+03 
1.61133067e+03 1.01237346e+00 4.39359629e+03 
1.60985493e+03 1.01206606e+00 4.38957490e+03 
1.60837919e+03 1.01175420e+00 4.38555351e+03 
1.60690345e+03 1.01143774e+00 4.38153211e+03 
1.60542771e+03 1.01111653e+00 4.37751072e+03 
1.60395198e+03 1.01079043e+00 4.37348933e+03 
1.60247624e+03 1.01045928e+00 4.36946794e+03 
1.60100050e+03 1.01012292e+00 4.36544654e+03 
1.59952476e+03 1.00978119e+00 4.36142515e+03 
1.59804902e+03 1.00943391e+00 4.35740376e+03 
1.59657329e+03 1.00908091e+00 4.35338237e+03 
1.59509755e+03 1.00872200e+00 4.34936097e+03 
1.59362181e+03 1.00835701e+00 4.34533958e+03 
1.59214607e+03 1.00798574e+00 4.34131819e+03 
1.59067034e+03 1.00760799e+00 4.33729680e+03 
1.58919460e+03 1.00722356e+00 4.33327540e+03 
1.58771886e+03 1.00683225e+00 4.32925401e+03 
1.58624312e+03 1.00643382e+00 4.32523262e+03 
1.58476738e+03 1.00602808e+00 4.32121123e+03 
1.58329165e+03 1.00561478e+00 4.31718983e+03 
1.58181591e+03 1.00519369e+00 4.31316844e+03 
1.58034017e+03 1.00476459e+00 4.30914705e+03 
1.57886443e+03 1.00432722e+00 4.30512565e+03 
1.57738869e+03 1.00388132e+00 4.30110426e+03 
1.57591296e+03 1.00342665e+00 4.29708287e+03 
1.57443722e+03 1.00296295e+00 4.29306147e+03 
1.57296148e+03 1.00248993e+00 4.28904008e+03 
1.57148574e+03 1.00200733e+00 4.28501869e+03 
1.57001001e+03 1.00151486e+00 4.28099730e+03 
1.56853427e+03 1.00101225e+00 4.27697590e+03 
1.56705853e+03 1.00049918e+00 4.27295451e+03 
1.56558279e+03 9.99975374e-01 4.26893312e+03 
1.56410705e+03 9.99440516e-01 4.26491172e+03 
1.56263132e+03 9.98894299e-01 4.26089033e+03 
1.56115558e+03 9.98336407e-01 4.25686894e+03 
1.55967984e+03 9.97766520e-01 4.25284754e+03 
1.55820410e+03 9.97184312e-01 4.24882615e+03 
1.55672836e+03 9.96589452e-01 4.24480475e+03 
1.55525263e+03 9.95981607e-01 4.24078336e+03 
1.55377689e+03 9.95360436e-01 4.23676197e+03 
1.55230115e+03 9.94725597e-01 4.23274057e+03 
1.55082541e+03 9.94076742e-01 4.22871918e+03 
1.54934967e+03 9.93413522e-01 4.22469779e+03 
1.54787394e+03 9.92735583e-01 4.22067639e+03 
1.54639820e+03 9.92042569e-01 4.21665500e+03 
1.54492246e+03 9.91334121e-01 4.21263360e+03 
1.54344672e+03 9.90609880e-01 4.20861221e+03 
1.54197099e+03 9.89869483e-01 4.20459081e+03 
1.54049525e+03 9.89112567e-01 4.20056942e+03 
1.53901951e+03 9.88338768e-01 4.19654803e+03 
1.53754377e+03 9.87547721e-01 4.19252663e+03 
1.53606803e+03 9.86739063e-01 4.18850524e+03 
1.53459230e+03 9.85912431e-01 4.18448384e+03 
1.53311656e+03 9.85067461e-01 4.18046245e+03 
1.53164082e+03 9.84203792e-01 4.17644105e+03 
1.53016508e+03 9.83321066e-01 4.17241966e+03 
1.52868934e+03 9.82418926e-01 4.16839826e+03 
1.52721361e+03 9.81497019e-01 4.16437687e+03 
1.52573787e+03 9.80554993e-01 4.16035547e+03 
1.52426213e+03 9.79592502e-01 4.15633408e+03 
1.52278639e+03 9.78609205e-01 4.15231268e+03 
1.52131066e+03 9.77604764e-01 4.14829129e+03 
1.51983492e+03 9.76578846e-01 4.14426989e+03 
1.51835918e+03 9.75531125e-01 4.14024850e+03 
1.51688344e+03 9.74461280e-01 4.13622710e+03 
1.51540770e+03 9.73368997e-01 4.13220570e+03 
1.51393197e+03 9.72253968e-01 4.12818431e+03 
1.51245623e+03 9.71115894e-01 4.12416291e+03 
1.51098049e+03 9.69954480e-01 4.12014152e+03 
1.50950475e+03 9.68769443e-01 4.11612012e+03 
1.50802901e+03 9.67560506e-01 4.11209872e+03 
1.50655328e+03 9.66327400e-01 4.10807733e+03 
1.50507754e+03 9.65069866e-01 4.10405593e+03 
1.50360180e+03 9.63787653e-01 4.10003454e+03 
1.50212606e+03 9.62480521e-01 4.09601314e+03 
1.50065033e+03 9.61148236e-01 4.09199174e+03 
1.49917459e+03 9.59790577e-01 4.08797034e+03 
1.49769885e+03 9.58407332e-01 4.08394895e+03 
1.49622311e+03 9.56998299e-01 4.07992755e+03 
1.49474737e+03 9.55563283e-01 4.07590615e+03 
1.49327164e+03 9.54102105e-01 4.07188476e+03 
1.49179590e+03 9.52614591e-01 4.06786336e+03 
1.49032016e+03 9.51100580e-01 4.06384196e+03 
1.48884442e+03 9.49559921e-01 4.05982056e+03 
1.48736868e+03 9.47992474e-01 4.05579917e+03 
1.48589295e+03 9.46398108e-01 4.05177777e+03 
1.48441721e+03 9.44776703e-01 4.04775637e+03 
1.48294147e+03 9.43128150e-01 4.04373497e+03 
1.48146573e+03 9.41452351e-01 4.03971357e+03 
1.47998999e+03 9.39749216e-01 4.03569217e+03 
1.47851426e+03 9.38018668e-01 4.03167078e+03 
1.47703852e+03 9.36260638e-01 4.02764938e+03 
1.47556278e+03 9.34475069e-01 4.02362798e+03 
1.47408704e+03 9.32661914e-01 4.01960658e+03 
1.47261131e+03 9.30821135e-01 4.01558518e+03 
1.47113557e+03 9.28952703e-01 4.01156378e+03 
1.46965983e+03 9.27056602e-01 4.00754238e+03 
1.46818409e+03 9.25132822e-01 4.00352098e+03 
1.46670835e+03 9.23181365e-01 3.99949958e+03 
1.46523262e+03 9.21202242e-01 3.99547818e+03 
1.46375688e+03 9.19195473e-01 3.99145678e+03 
1.46228114e+03 9.17161086e-01 3.98743538e+03 
1.46080540e+03 9.15099119e-01 3.98341398e+03 
1.45932966e+03 9.13009620e-01 3.97939258e+03 
1.45785393e+03 9.10892643e-01 3.97537118e+03 
1.45637819e+03 9.08748253e-01 3.97134978e+03 
1.45490245e+03 9.06576522e-01 3.96732838e+03 
1.45342671e+03 9.04377531e-01 3.96330697e+03 
1.45195098e+03 9.02151367e-01 3.95928557e+03 
1.45047524e+03 8.99898127e-01 3.95526417e+03 
1.44899950e+03 8.97617914e-01 3.95124277e+03 
1.44752376e+03 8.95310842e-01 3.94722137e+03 
1.44604802e+03 8.92977028e-01 3.94319997e+03 
1.44457229e+03 8.90616597e-01 3.93917856e+03 
1.44309655e+03 8.88229685e-01 3.93515716e+03 
1.44162081e+03 8.85816429e-01 3.93113576e+03 
1.44014507e+03 8.83376977e-01 3.92711435e+03 
1.43866933e+03 8.80911482e-01 3.92309295e+03 
1.43719360e+03 8.78420103e-01 3.91907155e+03 
1.43571786e+03 8.75903005e-01 3.91505014e+03 
1.43424212e+03 8.73360362e-01 3.91102874e+03 
1.43276638e+03 8.70792349e-01 3.90700734e+03 
1.43129065e+03 8.68199150e-01 3.90298593e+03 
1.42981491e+03 8.65580954e-01 3.89896453e+03 
1.42833917e+03 8.62937955e-01 3.89494312e+03 
1.42686343e+03 8.60270353e-01 3.89092172e+03 
1.42538769e+03 8.57578352e-01 3.88690031e+03 
1.42391196e+03 8.54862161e-01 3.88287891e+03 
1.42243622e+03 8.52121995e-01 3.87885750e+03 
1.42096048e+03 8.49358072e-01 3.87483610e+03 
1.41948474e+03 8.46570616e-01 3.87081469e+03 
1.41800900e+03 8.43759855e-01 3.86679329e+03 
1.41653327e+03 8.40926021e-01 3.86277188e+03 
1.41505753e+03 8.38069348e-01 3.85875047e+03 
1.41358179e+03 8.35190079e-01 3.85472907e+03 
1.41210605e+03 8.32288455e-01 3.85070766e+03 
1.41063032e+03 8.29364724e-01 3.84668625e+03 
1.40915458e+03 8.26419138e-01 3.84266484e+03 
1.40767884e+03 8.23451950e-01 3.83864344e+03 
1.40620310e+03 8.20463418e-01 3.83462203e+03 
1.40472736e+03 8.17453803e-01 3.83060062e+03 
1.40325163e+03 8.14423367e-01 3.82657921e+03 
1.40177589e+03 8.11372379e-01 3.82255780e+03 
1.40030015e+03 8.08301106e-01 3.81853639e+03 
1.39882441e+03 8.05209820e-01 3.81451498e+03 
1.39734867e+03 8.02098797e-01 3.81049357e+03 
1.39587294e+03 7.98968312e-01 3.80647216e+03 
1.39439720e+03 7.95818645e-01 3.80245075e+03 
1.39292146e+03 7.92650077e-01 3.79842934e+03 
1.39144572e+03 7.89462891e-01 3.79440793e+03 
1.38996998e+03 7.86257372e-01 3.79038652e+03 
1.38849425e+03 7.83033808e-01 3.78636511e+03 
1.38701851e+03 7.79792487e-01 3.78234370e+03 
1.38554277e+03 7.76533699e-01 3.77832229e+03 
1.38406703e+03 7.73257736e-01 3.77430088e+03 
1.38259130e+03 7.69964892e-01 3.77027946e+03 
1.38111556e+03 7.66655462e-01 3.76625805e+03 
1.37963982e+03 7.63329740e-01 3.76223664e+03 
1.37816408e+03 7.59988024e-01 3.75821522e+03 
1.37668834e+03 7.56630613e-01 3.75419381e+03 
1.37521261e+03 7.53257805e-01 3.75017240e+03 
1.37373687e+03 7.49869900e-01 3.74615098e+03 
1.37226113e+03 7.46467198e-01 3.74212957e+03 
1.37078539e+03 7.43050002e-01 3.73810815e+03 
1.36930965e+03 7.39618612e-01 3.73408674e+03 
1.36783392e+03 7.36173332e-01 3.73006532e+03 
1.36635818e+03 7.32714464e-01 3.72604391e+03 
1.36488244e+03 7.29242312e-01 3.72202249e+03 
1.36340670e+03 7.25757179e-01 3.71800107e+03 
1.36193097e+03 7.22259369e-01 3.71397965e+03 
1.36045523e+03 7.18749186e-01 3.70995824e+03 
1.35897949e+03 7.15226934e-01 3.70593682e+03 
1.35750375e+03 7.11692918e-01 3.70191540e+03 
1.35602801e+03 7.08147441e-01 3.69789398e+03 
1.35455228e+03 7.04590807e-01 3.69387256e+03 
1.35307654e+03 7.01023320e-01 3.68985114e+03 
1.35160080e+03 6.97445284e-01 3.68582972e+03 
1.35012506e+03 6.93857002e-01 3.68180830e+03 
1.34864932e+03 6.90258777e-01 3.67778688e+03 
1.34717359e+03 6.86650911e-01 3.67376546e+03 
1.34569785e+03 6.83033707e-01 3.66974404e+03 
1.34422211e+03 6.79407466e-01 3.66572262e+03 
1.34274637e+03 6.75772490e-01 3.66170120e+03 
1.34127064e+03 6.72129077e-01 3.65767977e+03 
1.33979490e+03 6.68477529e-01 3.65365835e+03 
1.33831916e+03 6.64818145e-01 3.64963693e+03 
1.33684342e+03 6.61151223e-01 3.64561550e+03 
1.33536768e+03 6.57477060e-01 3.64159408e+03 
1.33389195e+03 6.53795953e-01 3.63757265e+03 
1.33241621e+03 6.50108198e-01 3.63355123e+03 
1.33094047e+03 6.46414091e-01 3.62952980e+03 
1.32946473e+03 6.42713925e-01 3.62550838e+03 
1.32798899e+03 6.39007993e-01 3.62148695e+03 
1.32651326e+03 6.35296589e-01 3.61746552e+03 
1.32503752e+03 6.31580002e-01 3.61344409e+03 
1.32356178e+03 6.27858522e-01 3.60942266e+03 
1.32208604e+03 6.24132440e-01 3.60540124e+03 
1.32061031e+03 6.20402042e-01 3.60137981e+03 
1.31913457e+03 6.16667616e-01 3.59735838e+03 
1.31765883e+03 6.12929447e-01 3.59333694e+03 
1.31618309e+03 6.09187820e-01 3.58931551e+03 
1.31470735e+03 6.05443017e-01 3.58529408e+03 
1.31323162e+03 6.01695321e-01 3.58127265e+03 
1.31175588e+03 5.97945012e-01 3.57725122e+03 
1.31028014e+03 5.94192369e-01 3.57322978e+03 
1.30880440e+03 5.90437672e-01 3.56920835e+03 
1.30732866e+03 5.86681196e-01 3.56518691e+03 
1.30585293e+03 5.82923217e-01 3.56116548e+03 
1.30437719e+03 5.79164009e-01 3.55714404e+03 
1.30290145e+03 5.75403845e-01 3.55312261e+03 
1.30142571e+03 5.71642997e-01 3.54910117e+03 
1.29994997e+03 5.67881734e-01 3.54507973e+03 
1.29847424e+03 5.64120325e-01 3.54105829e+03 
1.29699850e+03 5.60359038e-01 3.53703685e+03 
1.29552276e+03 5.56598137e-01 3.53301541e+03 
1.29404702e+03 5.52837887e-01 3.52899397e+03 
1.29257129e+03 5.49078552e-01 3.52497253e+03 
1.29109555e+03 5.45320392e-01 3.52095109e+03 
1.28961981e+03 5.41563667e-01 3.51692964e+03 
1.28814407e+03 5.37808637e-01 3.51290820e+03 
1.28666833e+03 5.34055557e-01 3.50888676e+03 
1.28519260e+03 5.30304684e-01 3.50486531e+03 
1.28371686e+03 5.26556271e-01 3.50084386e+03 
1.28224112e+03 5.22810571e-01 3.49682242e+03 
1.28076538e+03 5.19067834e-01 3.49280097e+03 
1.27928964e+03 5.15328311e-01 3.48877952e+03 
1.27781391e+03 5.11592249e-01 3.48475807e+03 
1.27633817e+03 5.07859895e-01 3.48073662e+03 
1.27486243e+03 5.04131493e-01 3.47671517e+03 
1.27338669e+03 5.00407286e-01 3.47269372e+03 
1.27191096e+03 4.96687517e-01 3.46867227e+03 
1.27043522e+03 4.92972425e-01 3.46465081e+03 
1.26895948e+03 4.89262249e-01 3.46062936e+03 
1.26748374e+03 4.85557226e-01 3.45660790e+03 
1.26600800e+03 4.81857591e-01 3.45258644e+03 
1.26453227e+03 4.78163579e-01 3.44856499e+03 
1.26305653e+03 4.74475422e-01 3.44454353e+03 
1.26158079e+03 4.70793350e-01 3.44052207e+03 
1.26010505e+03 4.67117593e-01 3.43650061e+03 
1.25862931e+03 4.63448377e-01 3.43247915e+03 
1.25715358e+03 4.59785929e-01 3.42845768e+03 
1.25567784e+03 4.56130473e-01 3.42443622e+03 
1.25420210e+03 4.52482233e-01 3.42041475e+03 
1.25272636e+03 4.48841427e-01 3.41639329e+03 
1.25125063e+03 4.45208277e-01 3.41237182e+03 
1.24977489e+03 4.41583000e-01 3.40835035e+03 
1.24829915e+03 4.37965812e-01 3.40432888e+03 
1.24682341e+03 4.34356928e-01 3.40030741e+03 
1.24534767e+03 4.30756560e-01 3.39628594e+03 
1.24387194e+03 4.27164919e-01 3.39226447e+03 
1.24239620e+03 4.23582215e-01 3.38824299e+03 
1.24092046e+03 4.20008656e-01 3.38422152e+03 
1.23944472e+03 4.16444447e-01 3.38020004e+03 
1.23796898e+03 4.12889794e-01 3.37617856e+03 
1.23649325e+03 4.09344898e-01 3.37215708e+03 
1.23501751e+03 4.05809961e-01 3.36813560e+03 
1.23354177e+03 4.02285182e-01 3.36411412e+03 
1.23206603e+03 3.98770759e-01 3.36009263e+03 
1.23059030e+03 3.95266887e-01 3.35607115e+03 
1.22911456e+03 3.91773760e-01 3.35204966e+03 
1.22763882e+03 3.88291571e-01 3.34802817e+03 
1.22616308e+03 3.84820510e-01 3.34400668e+03 
1.22468734e+03 3.81360765e-01 3.33998519e+03 
1.22321161e+03 3.77912523e-01 3.33596370e+03 
1.22173587e+03 3.74475970e-01 3.33194220e+03 
1.22026013e+03 3.71051289e-01 3.32792070e+03 
1.21878439e+03 3.67638660e-01 3.32389920e+03 
1.21730865e+03 3.64238264e-01 3.31987770e+03 
1.21583292e+03 3.60850278e-01 3.31585620e+03 
1.21435718e+03 3.57474878e-01 3.31183470e+03 
1.21288144e+03 3.54112237e-01 3.30781319e+03 
1.21140570e+03 3.50762528e-01 3.30379169e+03 
1.20992996e+03 3.47425921e-01 3.29977018e+03 
1.20845423e+03 3.44102583e-01 3.29574866e+03 
1.20697849e+03 3.40792681e-01 3.29172715e+03 
1.20550275e+03 3.37496378e-01 3.28770564e+03 
1.20402701e+03 3.34213838e-01 3.28368412e+03 
1.20255128e+03 3.30945219e-01 3.27966260e+03 
1.20107554e+03 3.27690680e-01 3.27564108e+03 
1.19959980e+03 3.24450378e-01 3.27161955e+03 
1.19812406e+03 3.21224466e-01 3.26759803e+03 
1.19664832e+03 3.18013095e-01 3.26357650e+03 
1.19517259e+03 3.14816417e-01 3.25955497e+03 
1.19369685e+03 3.11634578e-01 3.25553344e+03 
1.19222111e+03 3.08467724e-01 3.25151190e+03 
1.19074537e+03 3.05315998e-01 3.24749036e+03 
1.18926963e+03 3.02179542e-01 3.24346882e+03 
1.18779390e+03 2.99058494e-01 3.23944728e+03 
1.18631816e+03 2.95952993e-01 3.23542573e+03 
1.18484242e+03 2.92863171e-01 3.23140419e+03 
1.18336668e+03 2.89789161e-01 3.22738263e+03 
1.18189095e+03 2.86731095e-01 3.22336108e+03 
1.18041521e+03 2.83689099e-01 3.21933952e+03 
1.17893947e+03 2.80663299e-01 3.21531796e+03 
1.17746373e+03 2.77653818e-01 3.21129640e+03 
1.17598799e+03 2.74660777e-01 3.20727484e+03 
1.17451226e+03 2.71684295e-01 3.20325327e+03 
1.17303652e+03 2.68724488e-01 3.19923170e+03 
1.17156078e+03 2.65781470e-01 3.19521012e+03 
1.17008504e+03 2.62855351e-01 3.19118854e+03 
1.16860930e+03 2.59946242e-01 3.18716696e+03 
1.16713357e+03 2.57054249e-01 3.18314538e+03 
1.16565783e+03 2.54179475e-01 3.17912379e+03 
1.16418209e+03 2.51322023e-01 3.17510220e+03 
1.16270635e+03 2.48481991e-01 3.17108060e+03 
1.16123062e+03 2.45659476e-01 3.16705901e+03 
1.15975488e+03 2.42854573e-01 3.16303740e+03 
1.15827914e+03 2.40067373e-01 3.15901580e+03 
1.15680340e+03 2.37297964e-01 3.15499419e+03 
1.15532766e+03 2.34546435e-01 3.15097257e+03 
1.15385193e+03 2.31812867e-01 3.14695095e+03 
1.15237619e+03 2.29097344e-01 3.14292933e+03 
1.15090045e+03 2.26399943e-01 3.13890770e+03 
1.14942471e+03 2.23720741e-01 3.13488607e+03 
1.14794897e+03 2.21059811e-01 3.13086444e+03 
1.14647324e+03 2.18417224e-01 3.12684280e+03 
1.14499750e+03 2.15793049e-01 3.12282115e+03 
1.14352176e+03 2.13187350e-01 3.11879950e+03 
1.14204602e+03 2.10600192e-01 3.11477785e+03 
1.14057029e+03 2.08031634e-01 3.11075619e+03 
1.13909455e+03 2.05481733e-01 3.10673452e+03 
1.13761881e+03 2.02950546e-01 3.10271285e+03 
1.13614307e+03 2.00438123e-01 3.09869118e+03 
1.13466733e+03 1.97944515e-01 3.09466950e+03 
1.13319160e+03 1.95469769e-01 3.09064781e+03 
1.13171586e+03 1.93013928e-01 3.08662612e+03 
1.13024012e+03 1.90577034e-01 3.08260443e+03 
1.12876438e+03 1.88159125e-01 3.07858272e+03 
1.12728864e+03 1.85760239e-01 3.07456101e+03 
1.12581291e+03 1.83380407e-01 3.07053930e+03 
1.12433717e+03 1.81019660e-01 3.06651758e+03 
1.12286143e+03 1.78678027e-01 3.06249585e+03 
1.12138569e+03 1.76355533e-01 3.05847412e+03 
1.11990995e+03 1.74052199e-01 3.05445237e+03 
1.11843422e+03 1.71768046e-01 3.05043063e+03 
1.11695848e+03 1.69503091e-01 3.04640887e+03 
1.11548274e+03 1.67257347e-01 3.04238711e+03 
1.11400700e+03 1.65030827e-01 3.03836534e+03 
1.11253127e+03 1.62823540e-01 3.03434356e+03 
1.11105553e+03 1.60635491e-01 3.03032178e+03 
1.10957979e+03 1.58466685e-01 3.02629999e+03 
1.10810405e+03 1.56317121e-01 3.02227819e+03 
1.10662831e+03 1.54186799e-01 3.01825638e+03 
1.10515258e+03 1.52075714e-01 3.01423456e+03 
1.10367684e+03 1.49983859e-01 3.01021274e+03 
1.10220110e+03 1.47911224e-01 3.00619090e+03 
1.10072536e+03 1.45857797e-01 3.00216906e+03 
1.09924962e+03 1.43823563e-01 2.99814721e+03 
1.09777389e+03 1.41808505e-01 2.99412535e+03 
1.09629815e+03 1.39812602e-01 2.99010348e+03 
1.09482241e+03 1.37835832e-01 2.98608159e+03 
1.09334667e+03 1.35878169e-01 2.98205970e+03 
1.09187094e+03 1.33939587e-01 2.97803780e+03 
1.09039520e+03 1.32020055e-01 2.97401589e+03 
1.08891946e+03 1.30119540e-01 2.96999397e+03 
1.08744372e+03 1.28238007e-01 2.96597203e+03 
1.08596798e+03 1.26375419e-01 2.96195009e+03 
1.08449225e+03 1.24531735e-01 2.95792813e+03 
1.08301651e+03 1.22706914e-01 2.95390616e+03 
1.08154077e+03 1.20900910e-01 2.94988418e+03 
1.08006503e+03 1.19113677e-01 2.94586219e+03 
1.07858929e+03 1.17345165e-01 2.94184019e+03 
1.07711356e+03 1.15595323e-01 2.93781817e+03 
1.07563782e+03 1.13864096e-01 2.93379614e+03 
1.07416208e+03 1.12151428e-01 2.92977409e+03 
1.07268634e+03 1.10457261e-01 2.92575203e+03 
1.07121061e+03 1.08781533e-01 2.92172996e+03 
1.06973487e+03 1.07124184e-01 2.91770787e+03 
1.06825913e+03 1.05485146e-01 2.91368577e+03 
1.06678339e+03 1.03864354e-01 2.90966365e+03 
1.06530765e+03 1.02261738e-01 2.90564152e+03 
1.06383192e+03 1.00677227e-01 2.90161937e+03 
1.06235618e+03 9.91107483e-02 2.89759720e+03 
1.06088044e+03 9.75622260e-02 2.89357502e+03 
1.05940470e+03 9.60315834e-02 2.88955282e+03 
1.05792896e+03 9.45187413e-02 2.88553060e+03 
1.05645323e+03 9.30236188e-02 2.88150836e+03 
1.05497749e+03 9.15461334e-02 2.87748611e+03 
1.05350175e+03 9.00862003e-02 2.87346383e+03 
1.05202601e+03 8.86437333e-02 2.86944154e+03 
1.05055028e+03 8.72186443e-02 2.86541923e+03 
1.04907454e+03 8.58108434e-02 2.86139689e+03 
1.04759880e+03 8.44202392e-02 2.85737454e+03 
1.04612306e+03 8.30467387e-02 2.85335216e+03 
1.04464732e+03 8.16902471e-02 2.84932977e+03 
1.04317159e+03 8.03506682e-02 2.84530735e+03 
1.04169585e+03 7.90279041e-02 2.84128490e+03 
1.04022011e+03 7.77218556e-02 2.83726244e+03 
1.03874437e+03 7.64324220e-02 2.83323995e+03 
1.03726863e+03 7.51595011e-02 2.82921743e+03 
1.03579290e+03 7.39029894e-02 2.82519489e+03 
1.03431716e+03 7.26627821e-02 2.82117232e+03 
1.03284142e+03 7.14387729e-02 2.81714973e+03 
1.03136568e+03 7.02308545e-02 2.81312711e+03 
1.02988994e+03 6.90389182e-02 2.80910446e+03 
1.02841421e+03 6.78628542e-02 2.80508178e+03 
1.02693847e+03 6.67025515e-02 2.80105907e+03 
1.02546273e+03 6.55578981e-02 2.79703633e+03 
1.02398699e+03 6.44287807e-02 2.79301356e+03 
1.02251126e+03 6.33150851e-02 2.78899076e+03 
1.02103552e+03 6.22166963e-02 2.78496793e+03 
1.01955978e+03 6.11334980e-02 2.78094506e+03 
1.01808404e+03 6.00653732e-02 2.77692216e+03 
1.01660830e+03 5.90122039e-02 2.77289923e+03 
1.01513257e+03 5.79738715e-02 2.76887625e+03 
1.01365683e+03 5.69502562e-02 2.76485324e+03 
1.01218109e+03 5.59412378e-02 2.76083020e+03 
1.01070535e+03 5.49466952e-02 2.75680711e+03 
1.00922961e+03 5.39665065e-02 2.75278399e+03 
1.00775388e+03 5.30005495e-02 2.74876082e+03 
1.00627814e+03 5.20487011e-02 2.74473761e+03 
1.00480240e+03 5.11108376e-02 2.74071436e+03 
1.00332666e+03 5.01868350e-02 2.73669107e+03 
1.00185093e+03 4.92765685e-02 2.73266773e+03 
1.00037519e+03 4.83799130e-02 2.72864434e+03 
9.98899450e+02 4.74967430e-02 2.72462091e+03 
9.97423712e+02 4.66269325e-02 2.72059743e+03 
9.95947974e+02 4.57703552e-02 2.71657390e+03 
9.94472236e+02 4.49268844e-02 2.71255032e+03 
9.92996498e+02 4.40963932e-02 2.70852668e+03 
9.91520760e+02 4.32787543e-02 2.70450299e+03 
9.90045023e+02 4.24738404e-02 2.70047925e+03 
9.88569285e+02 4.16815239e-02 2.69645545e+03 
9.87093547e+02 4.09016768e-02 2.69243160e+03 
9.85617809e+02 4.01341714e-02 2.68840768e+03 
9.84142071e+02 3.93788796e-02 2.68438370e+03 
9.82666333e+02 3.86356733e-02 2.68035966e+03 
9.81190595e+02 3.79044245e-02 2.67633556e+03 
9.79714857e+02 3.71850050e-02 2.67231139e+03 
9.78239120e+02 3.64772868e-02 2.66828715e+03 
9.76763382e+02 3.57811418e-02 2.66426285e+03 
9.75287644e+02 3.50964421e-02 2.66023847e+03 
9.73811906e+02 3.44230600e-02 2.65621402e+03 
9.72336168e+02 3.37608677e-02 2.65218950e+03 
9.70860430e+02 3.31097377e-02 2.64816490e+03 
9.69384692e+02 3.24695428e-02 2.64414023e+03 
9.67908954e+02 3.18401559e-02 2.64011547e+03 
9.66433217e+02 3.12214503e-02 2.63609063e+03 
9.64957479e+02 3.06132993e-02 2.63206571e+03 
9.63481741e+02 3.00155768e-02 2.62804070e+03 
9.62006003e+02 2.94281569e-02 2.62401561e+03 
9.60530265e+02 2.88509141e-02 2.61999042e+03 
9.59054527e+02 2.82837231e-02 2.61596514e+03 
9.57578789e+02 2.77264594e-02 2.61193977e+03 
9.56103052e+02 2.71789986e-02 2.60791429e+03 
9.54627314e+02 2.66412168e-02 2.60388872e+03 
9.53151576e+02 2.61129905e-02 2.59986305e+03 
9.51675838e+02 2.55941971e-02 2.59583727e+03 
9.50200100e+02 2.50847139e-02 2.59181139e+03 
9.48724362e+02 2.45844192e-02 2.58778540e+03 
9.47248624e+02 2.40931917e-02 2.58375929e+03 
9.45772886e+02 2.36109107e-02 2.57973307e+03 
9.44297149e+02 2.31374560e-02 2.57570673e+03 
9.42821411e+02 2.26727081e-02 2.57168027e+03 
9.41345673e+02 2.22165481e-02 2.56765369e+03 
9.39869935e+02 2.17688578e-02 2.56362698e+03 
9.38394197e+02 2.13295195e-02 2.55960014e+03 
9.36918459e+02 2.08984164e-02 2.55557317e+03 
9.35442721e+02 2.04754322e-02 2.55154606e+03 
9.33966983e+02 2.00604514e-02 2.54751882e+03 
9.32491246e+02 1.96533593e-02 2.54349143e+03 
9.31015508e+02 1.92540417e-02 2.53946390e+03 
9.29539770e+02 1.88623854e-02 2.53543622e+03 
9.28064032e+02 1.84782779e-02 2.53140839e+03 
9.26588294e+02 1.81016073e-02 2.52738040e+03 
9.25112556e+02 1.77322628e-02 2.52335226e+03 
9.23636818e+02 1.73701341e-02 2.51932395e+03 
9.22161081e+02 1.70151119e-02 2.51529548e+03 
9.20685343e+02 1.66670876e-02 2.51126683e+03 
9.19209605e+02 1.63259536e-02 2.50723802e+03 
9.17733867e+02 1.59916030e-02 2.50320903e+03 
9.16258129e+02 1.56639297e-02 2.49917986e+03 
9.14782391e+02 1.53428287e-02 2.49515050e+03 
9.13306653e+02 1.50281957e-02 2.49112095e+03 
9.11830915e+02 1.47199273e-02 2.48709122e+03 
9.10355178e+02 1.44179209e-02 2.48306129e+03 
9.08879440e+02 1.41220750e-02 2.47903115e+03 
9.07403702e+02 1.38322888e-02 2.47500082e+03 
9.05927964e+02 1.35484626e-02 2.47097027e+03 
9.04452226e+02 1.32704975e-02 2.46693951e+03 
9.02976488e+02 1.29982955e-02 2.46290854e+03 
9.01500750e+02 1.27317596e-02 2.45887735e+03 
9.00025013e+02 1.24707937e-02 2.45484593e+03 
8.98549275e+02 1.22153026e-02 2.45081428e+03 
8.97073537e+02 1.19651921e-02 2.44678240e+03 
8.95597799e+02 1.17203689e-02 2.44275028e+03 
8.94122061e+02 1.14807407e-02 2.43871792e+03 
8.92646323e+02 1.12462163e-02 2.43468531e+03 
8.91170585e+02 1.10167050e-02 2.43065245e+03 
8.89694847e+02 1.07921176e-02 2.42661934e+03 
8.88219110e+02 1.05723655e-02 2.42258597e+03 
8.86743372e+02 1.03573613e-02 2.41855233e+03 
8.85267634e+02 1.01470184e-02 2.41451843e+03 
8.83791896e+02 9.94125119e-03 2.41048425e+03 
8.82316158e+02 9.73997519e-03 2.40644980e+03 
8.80840420e+02 9.54310676e-03 2.40241507e+03 
8.79364682e+02 9.35056328e-03 2.39838005e+03 
8.77888944e+02 9.16226312e-03 2.39434475e+03 
8.76413207e+02 8.97812560e-03 2.39030915e+03 
8.74937469e+02 8.79807107e-03 2.38627325e+03 
8.73461731e+02 8.62202084e-03 2.38223705e+03 
8.71985993e+02 8.44989720e-03 2.37820054e+03 
8.70510255e+02 8.28162345e-03 2.37416373e+03 
8.69034517e+02 8.11712384e-03 2.37012660e+03 
8.67558779e+02 7.95632365e-03 2.36608915e+03 
8.66083042e+02 7.79914911e-03 2.36205138e+03 
8.64607304e+02 7.64552746e-03 2.35801328e+03 
8.63131566e+02 7.49538691e-03 2.35397486e+03 
8.61655828e+02 7.34865668e-03 2.34993610e+03 
8.60180090e+02 7.20526693e-03 2.34589700e+03 
8.58704352e+02 7.06514885e-03 2.34185756e+03 
8.57228614e+02 6.92823458e-03 2.33781778e+03 
8.55752876e+02 6.79445725e-03 2.33377766e+03 
8.54277139e+02 6.66375099e-03 2.32973718e+03 
8.52801401e+02 6.53605086e-03 2.32569635e+03 
8.51325663e+02 6.41129295e-03 2.32165516e+03 
8.49849925e+02 6.28941427e-03 2.31761361e+03 
8.48374187e+02 6.17035284e-03 2.31357169e+03 
8.46898449e+02 6.05404763e-03 2.30952942e+03 
8.45422711e+02 5.94043857e-03 2.30548677e+03 
8.43946973e+02 5.82946656e-03 2.30144375e+03 
8.42471236e+02 5.72107345e-03 2.29740036e+03 
8.40995498e+02 5.61520206e-03 2.29335659e+03 
8.39519760e+02 5.51179615e-03 2.28931245e+03 
8.38044022e+02 5.41080042e-03 2.28526792e+03 
8.36568284e+02 5.31216051e-03 2.28122301e+03 
8.35092546e+02 5.21582302e-03 2.27717772e+03 
8.33616808e+02 5.12173545e-03 2.27313204e+03 
8.32141071e+02 5.02984627e-03 2.26908597e+03 
8.30665333e+02 4.94010482e-03 2.26503952e+03 
8.29189595e+02 4.85246140e-03 2.26099267e+03 
8.27713857e+02 4.76686720e-03 2.25694543e+03 
8.26238119e+02 4.68327432e-03 2.25289780e+03 
8.24762381e+02 4.60163575e-03 2.24884978e+03 
8.23286643e+02 4.52190538e-03 2.24480136e+03 
8.21810905e+02 4.44403799e-03 2.24075254e+03 
8.20335168e+02 4.36798922e-03 2.23670333e+03 
8.18859430e+02 4.29371559e-03 2.23265372e+03 
8.17383692e+02 4.22117450e-03 2.22860371e+03 
8.15907954e+02 4.15032416e-03 2.22455330e+03 
8.14432216e+02 4.08112368e-03 2.22050250e+03 
8.12956478e+02 4.01353297e-03 2.21645129e+03 
8.11480740e+02 3.94751278e-03 2.21239969e+03 
8.10005003e+02 3.88302468e-03 2.20834769e+03 
8.08529265e+02 3.82003106e-03 2.20429529e+03 
8.07053527e+02 3.75849511e-03 2.20024249e+03 
8.05577789e+02 3.69838080e-03 2.19618929e+03 
8.04102051e+02 3.63965289e-03 2.19213570e+03 
8.02626313e+02 3.58227693e-03 2.18808170e+03 
8.01150575e+02 3.52621921e-03 2.18402731e+03 
7.99674837e+02 3.47144678e-03 2.17997252e+03 
7.98199100e+02 3.41792745e-03 2.17591734e+03 
7.96723362e+02 3.36562973e-03 2.17186176e+03 
7.95247624e+02 3.31452288e-03 2.16780579e+03 
7.93771886e+02 3.26457685e-03 2.16374942e+03 
7.92296148e+02 3.21576232e-03 2.15969266e+03 
7.90820410e+02 3.16805062e-03 2.15563551e+03 
7.89344672e+02 3.12141379e-03 2.15157797e+03 
7.87868934e+02 3.07582453e-03 2.14752003e+03 
7.86393197e+02 3.03125617e-03 2.14346171e+03 
7.84917459e+02 2.98768272e-03 2.13940300e+03 
7.83441721e+02 2.94507881e-03 2.13534390e+03 
7.81965983e+02 2.90341968e-03 2.13128441e+03 
7.80490245e+02 2.86268119e-03 2.12722454e+03 
7.79014507e+02 2.82283981e-03 2.12316428e+03 
7.77538769e+02 2.78387257e-03 2.11910364e+03 
7.76063032e+02 2.74575711e-03 2.11504262e+03 
7.74587294e+02 2.70847161e-03 2.11098122e+03 
7.73111556e+02 2.67199481e-03 2.10691943e+03 
7.71635818e+02 2.63630599e-03 2.10285727e+03 
7.70160080e+02 2.60138497e-03 2.09879473e+03 
7.68684342e+02 2.56721208e-03 2.09473181e+03 
7.67208604e+02 2.53376816e-03 2.09066851e+03 
7.65732866e+02 2.50103456e-03 2.08660484e+03 
7.64257129e+02 2.46899310e-03 2.08254080e+03 
7.62781391e+02 2.43762608e-03 2.07847638e+03 
7.61305653e+02 2.40691628e-03 2.07441158e+03 
7.59829915e+02 2.37684692e-03 2.07034642e+03 
7.58354177e+02 2.34740165e-03 2.06628088e+03 
7.56878439e+02 2.31856460e-03 2.06221497e+03 
7.55402701e+02 2.29032027e-03 2.05814870e+03 
7.53926963e+02 2.26265362e-03 2.05408205e+03 
7.52451226e+02 2.23554997e-03 2.05001503e+03 
7.50975488e+02 2.20899507e-03 2.04594765e+03 
7.49499750e+02 2.18297503e-03 2.04187990e+03 
7.48024012e+02 2.15747636e-03 2.03781178e+03 
7.46548274e+02 2.13248590e-03 2.03374330e+03 
7.45072536e+02 2.10799087e-03 2.02967445e+03 
7.43596798e+02 2.08397885e-03 2.02560523e+03 
7.42121061e+02 2.06043771e-03 2.02153565e+03 
7.40645323e+02 2.03735571e-03 2.01746570e+03 
7.39169585e+02 2.01472137e-03 2.01339539e+03 
7.37693847e+02 1.99252358e-03 2.00932471e+03 
7.36218109e+02 1.97075149e-03 2.00525366e+03 
7.34742371e+02 1.94939456e-03 2.00118226e+03 
7.33266633e+02 1.92844256e-03 1.99711048e+03 
7.31790895e+02 1.90788550e-03 1.99303834e+03 
7.30315158e+02 1.88771369e-03 1.98896584e+03 
7.28839420e+02 1.86791771e-03 1.98489297e+03 
7.27363682e+02 1.84848837e-03 1.98081973e+03 
7.25887944e+02 1.82941677e-03 1.97674612e+03 
7.24412206e+02 1.81069422e-03 1.97267215e+03 
7.22936468e+02 1.79231227e-03 1.96859782e+03 
7.21460730e+02 1.77426274e-03 1.96452311e+03 
7.19984992e+02 1.75653762e-03 1.96044804e+03 
7.18509255e+02 1.73912916e-03 1.95637259e+03 
7.17033517e+02 1.72202980e-03 1.95229678e+03 
7.15557779e+02 1.70523220e-03 1.94822060e+03 
7.14082041e+02 1.68872921e-03 1.94414404e+03 
7.12606303e+02 1.67251387e-03 1.94006711e+03 
7.11130565e+02 1.65657943e-03 1.93598981e+03 
7.09654827e+02 1.64091930e-03 1.93191214e+03 
7.08179090e+02 1.62552709e-03 1.92783408e+03 
7.06703352e+02 1.61039657e-03 1.92375566e+03 
7.05227614e+02 1.59552169e-03 1.91967685e+03 
7.03751876e+02 1.58089654e-03 1.91559767e+03 
7.02276138e+02 1.56651540e-03 1.91151810e+03 
7.00800400e+02 1.55237268e-03 1.90743816e+03 
6.99324662e+02 1.53846295e-03 1.90335783e+03 
6.97848924e+02 1.52478093e-03 1.89927712e+03 
6.96373187e+02 1.51132148e-03 1.89519602e+03 
6.94897449e+02 1.49807960e-03 1.89111453e+03 
6.93421711e+02 1.48505040e-03 1.88703266e+03 
6.91945973e+02 1.47222915e-03 1.88295039e+03 
6.90470235e+02 1.45961124e-03 1.87886773e+03 
6.88994497e+02 1.44719217e-03 1.87478468e+03 
6.87518759e+02 1.43496756e-03 1.87070123e+03 
6.86043022e+02 1.42293317e-03 1.86661738e+03 
6.84567284e+02 1.41108483e-03 1.86253314e+03 
6.83091546e+02 1.39941852e-03 1.85844849e+03 
6.81615808e+02 1.38793030e-03 1.85436344e+03 
6.80140070e+02 1.37661634e-03 1.85027798e+03 
6.78664332e+02 1.36547291e-03 1.84619211e+03 
6.77188594e+02 1.35449638e-03 1.84210584e+03 
6.75712856e+02 1.34368321e-03 1.83801915e+03 
6.74237119e+02 1.33302995e-03 1.83393205e+03 
6.72761381e+02 1.32253325e-03 1.82984453e+03 
6.71285643e+02 1.31218983e-03 1.82575659e+03 
6.69809905e+02 1.30199651e-03 1.82166823e+03 
6.68334167e+02 1.29195017e-03 1.81757944e+03 
6.66858429e+02 1.28204779e-03 1.81349023e+03 
6.65382691e+02 1.27228642e-03 1.80940059e+03 
6.63906953e+02 1.26266318e-03 1.80531052e+03 
6.62431216e+02 1.25317526e-03 1.80122001e+03 
6.60955478e+02 1.24381994e-03 1.79712907e+03 
6.59479740e+02 1.23459454e-03 1.79303769e+03 
6.58004002e+02 1.22549647e-03 1.78894586e+03 
6.56528264e+02 1.21652320e-03 1.78485359e+03 
6.55052526e+02 1.20767224e-03 1.78076087e+03 
6.53576788e+02 1.19894119e-03 1.77666770e+03 
6.52101051e+02 1.19032771e-03 1.77257407e+03 
6.50625313e+02 1.18182949e-03 1.76847999e+03 
6.49149575e+02 1.17344430e-03 1.76438545e+03 
6.47673837e+02 1.16516995e-03 1.76029044e+03 
6.46198099e+02 1.15700431e-03 1.75619497e+03 
6.44722361e+02 1.14894532e-03 1.75209903e+03 
6.43246623e+02 1.14099092e-03 1.74800262e+03 
6.41770885e+02 1.13313915e-03 1.74390573e+03 
6.40295148e+02 1.12538808e-03 1.73980836e+03 
6.38819410e+02 1.11773581e-03 1.73571051e+03 
6.37343672e+02 1.11018050e-03 1.73161217e+03 
6.35867934e+02 1.10272036e-03 1.72751335e+03 
6.34392196e+02 1.09535363e-03 1.72341403e+03 
6.32916458e+02 1.08807858e-03 1.71931421e+03 
6.31440720e+02 1.08089356e-03 1.71521390e+03 
6.29964982e+02 1.07379691e-03 1.71111308e+03 
6.28489245e+02 1.06678705e-03 1.70701176e+03 
6.27013507e+02 1.05986240e-03 1.70290992e+03 
6.25537769e+02 1.05302145e-03 1.69880757e+03 
6.24062031e+02 1.04626271e-03 1.69470471e+03 
6.22586293e+02 1.03958470e-03 1.69060132e+03 
6.21110555e+02 1.03298602e-03 1.68649740e+03 
6.19634817e+02 1.02646528e-03 1.68239296e+03 
6.18159080e+02 1.02002109e-03 1.67828798e+03 
6.16683342e+02 1.01365215e-03 1.67418247e+03 
6.15207604e+02 1.00735715e-03 1.67007642e+03 
6.13731866e+02 1.00113482e-03 1.66596981e+03 
6.12256128e+02 9.94983904e-04 1.66186267e+03 
6.10780390e+02 9.88903201e-04 1.65775496e+03 
6.09304652e+02 9.82891516e-04 1.65364670e+03 
6.07828914e+02 9.76947687e-04 1.64953788e+03 
6.06353177e+02 9.71070575e-04 1.64542849e+03 
6.04877439e+02 9.65259066e-04 1.64131853e+03 
6.03401701e+02 9.59512072e-04 1.63720800e+03 
6.01925963e+02 9.53828526e-04 1.63309689e+03 
6.00450225e+02 9.48207386e-04 1.62898519e+03 
5.98974487e+02 9.42647630e-04 1.62487291e+03 
5.97498749e+02 9.37148259e-04 1.62076003e+03 
5.96023012e+02 9.31708295e-04 1.61664656e+03 
5.94547274e+02 9.26326781e-04 1.61253248e+03 
5.93071536e+02 9.21002777e-04 1.60841780e+03 
5.91595798e+02 9.15735368e-04 1.60430251e+03 
5.90120060e+02 9.10523653e-04 1.60018660e+03 
5.88644322e+02 9.05366752e-04 1.59607008e+03 
5.87168584e+02 9.00263803e-04 1.59195292e+03 
5.85692846e+02 8.95213961e-04 1.58783514e+03 
5.84217109e+02 8.90216399e-04 1.58371673e+03 
5.82741371e+02 8.85270306e-04 1.57959767e+03 
5.81265633e+02 8.80374888e-04 1.57547797e+03 
5.79789895e+02 8.75529367e-04 1.57135761e+03 
5.78314157e+02 8.70732980e-04 1.56723661e+03 
5.76838419e+02 8.65984980e-04 1.56311494e+03 
5.75362681e+02 8.61284634e-04 1.55899261e+03 
5.73886943e+02 8.56631223e-04 1.55486961e+03 
5.72411206e+02 8.52024045e-04 1.55074593e+03 
5.70935468e+02 8.47462410e-04 1.54662157e+03 
5.69459730e+02 8.42945639e-04 1.54249652e+03 
5.67983992e+02 8.38473071e-04 1.53837078e+03 
5.66508254e+02 8.34044054e-04 1.53424435e+03 
5.65032516e+02 8.29657950e-04 1.53011721e+03 
5.63556778e+02 8.25314133e-04 1.52598936e+03 
5.62081041e+02 8.21011990e-04 1.52186080e+03 
5.60605303e+02 8.16750919e-04 1.51773152e+03 
5.59129565e+02 8.12530327e-04 1.51360151e+03 
5.57653827e+02 8.08349637e-04 1.50947077e+03 
5.56178089e+02 8.04208279e-04 1.50533930e+03 
5.54702351e+02 8.00105695e-04 1.50120708e+03 
5.53226613e+02 7.96041337e-04 1.49707411e+03 
5.51750875e+02 7.92014667e-04 1.49294039e+03 
5.50275138e+02 7.88025159e-04 1.48880590e+03 
5.48799400e+02 7.84072293e-04 1.48467065e+03 
5.47323662e+02 7.80155562e-04 1.48053463e+03 
5.45847924e+02 7.76274466e-04 1.47639782e+03 
5.44372186e+02 7.72428516e-04 1.47226023e+03 
5.42896448e+02 7.68617229e-04 1.46812185e+03 
5.41420710e+02 7.64840133e-04 1.46398267e+03 
5.39944972e+02 7.61096764e-04 1.45984268e+03 
5.38469235e+02 7.57386666e-04 1.45570188e+03 
5.36993497e+02 7.53709391e-04 1.45156027e+03 
5.35517759e+02 7.50064500e-04 1.44741783e+03 
5.34042021e+02 7.46451559e-04 1.44327456e+03 
5.32566283e+02 7.42870145e-04 1.43913045e+03 
5.31090545e+02 7.39319841e-04 1.43498549e+03 
5.29614807e+02 7.35800236e-04 1.43083969e+03 
5.28139070e+02 7.32310927e-04 1.42669302e+03 
5.26663332e+02 7.28851519e-04 1.42254549e+03 
5.25187594e+02 7.25421622e-04 1.41839709e+03 
5.23711856e+02 7.22020855e-04 1.41424781e+03 
5.22236118e+02 7.18648841e-04 1.41009764e+03 
5.20760380e+02 7.15305210e-04 1.40594657e+03 
5.19284642e+02 7.11989600e-04 1.40179461e+03 
5.17808904e+02 7.08701653e-04 1.39764173e+03 
5.16333167e+02 7.05441018e-04 1.39348794e+03 
5.14857429e+02 7.02207349e-04 1.38933323e+03 
5.13381691e+02 6.99000307e-04 1.38517758e+03 
5.11905953e+02 6.95819558e-04 1.38102100e+03 
5.10430215e+02 6.92664773e-04 1.37686347e+03 
5.08954477e+02 6.89535629e-04 1.37270499e+03 
5.07478739e+02 6.86431808e-04 1.36854554e+03 
5.06003002e+02 6.83352998e-04 1.36438513e+03 
5.04527264e+02 6.80298890e-04 1.36022373e+03 
5.03051526e+02 6.77269182e-04 1.35606136e+03 
5.01575788e+02 6.74263577e-04 1.35189798e+03 
5.00100050e+02 6.71281781e-04 1.34773361e+03 
4.98624312e+02 6.68323505e-04 1.34356822e+03 
4.97148574e+02 6.65388467e-04 1.33940182e+03 
4.95672836e+02 6.62476386e-04 1.33523439e+03 
4.94197099e+02 6.59586988e-04 1.33106593e+03 
4.92721361e+02 6.56720002e-04 1.32689642e+03 
4.91245623e+02 6.53875161e-04 1.32272586e+03 
4.89769885e+02 6.51052204e-04 1.31855424e+03 
4.88294147e+02 6.48250872e-04 1.31438155e+03 
4.86818409e+02 6.45470910e-04 1.31020778e+03 
4.85342671e+02 6.42712069e-04 1.30603293e+03 
4.83866933e+02 6.39974103e-04 1.30185698e+03 
4.82391196e+02 6.37256767e-04 1.29767992e+03 
4.80915458e+02 6.34559824e-04 1.29350175e+03 
4.79439720e+02 6.31883037e-04 1.28932246e+03 
4.77963982e+02 6.29226175e-04 1.28514203e+03 
4.76488244e+02 6.26589010e-04 1.28096047e+03 
4.75012506e+02 6.23971316e-04 1.27677775e+03 
4.73536768e+02 6.21372871e-04 1.27259387e+03 
4.72061031e+02 6.18793459e-04 1.26840882e+03 
4.70585293e+02 6.16232862e-04 1.26422260e+03 
4.69109555e+02 6.13690869e-04 1.26003518e+03 
4.67633817e+02 6.11167272e-04 1.25584656e+03 
4.66158079e+02 6.08661864e-04 1.25165674e+03 
4.64682341e+02 6.06174443e-04 1.24746570e+03 
4.63206603e+02 6.03704808e-04 1.24327343e+03 
4.61730865e+02 6.01252763e-04 1.23907992e+03 
4.60255128e+02 5.98818113e-04 1.23488516e+03 
4.58779390e+02 5.96400667e-04 1.23068915e+03 
4.57303652e+02 5.94000237e-04 1.22649186e+03 
4.55827914e+02 5.91616635e-04 1.22229330e+03 
4.54352176e+02 5.89249680e-04 1.21809344e+03 
4.52876438e+02 5.86899189e-04 1.21389229e+03 
4.51400700e+02 5.84564986e-04 1.20968983e+03 
4.49924962e+02 5.82246893e-04 1.20548604e+03 
4.48449225e+02 5.79944737e-04 1.20128092e+03 
4.46973487e+02 5.77658348e-04 1.19707446e+03 
4.45497749e+02 5.75387558e-04 1.19286664e+03 
4.44022011e+02 5.73132199e-04 1.18865746e+03 
4.42546273e+02 5.70892107e-04 1.18444691e+03 
4.41070535e+02 5.68667122e-04 1.18023496e+03 
4.39594797e+02 5.66457083e-04 1.17602162e+03 
4.38119060e+02 5.64261834e-04 1.17180687e+03 
4.36643322e+02 5.62081218e-04 1.16759070e+03 
4.35167584e+02 5.59915083e-04 1.16337310e+03 
4.33691846e+02 5.57763277e-04 1.15915405e+03 
4.32216108e+02 5.55625652e-04 1.15493354e+03 
4.30740370e+02 5.53502060e-04 1.15071157e+03 
4.29264632e+02 5.51392356e-04 1.14648813e+03 
4.27788894e+02 5.49296397e-04 1.14226319e+03 
4.26313157e+02 5.47214041e-04 1.13803674e+03 
4.24837419e+02 5.45145149e-04 1.13380879e+03 
4.23361681e+02 5.43089583e-04 1.12957930e+03 
4.21885943e+02 5.41047207e-04 1.12534828e+03 
4.20410205e+02 5.39017888e-04 1.12111571e+03 
4.18934467e+02 5.37001491e-04 1.11688158e+03 
4.17458729e+02 5.34997888e-04 1.11264587e+03 
4.15982991e+02 5.33006948e-04 1.10840857e+03 
4.14507254e+02 5.31028545e-04 1.10416967e+03 
4.13031516e+02 5.29062551e-04 1.09992916e+03 
4.11555778e+02 5.27108844e-04 1.09568702e+03 
4.10080040e+02 5.25167301e-04 1.09144325e+03 
4.08604302e+02 5.23237799e-04 1.08719782e+03 
4.07128564e+02 5.21320221e-04 1.08295073e+03 
4.05652826e+02 5.19414446e-04 1.07870196e+03 
4.04177089e+02 5.17520360e-04 1.07445151e+03 
4.02701351e+02 5.15637846e-04 1.07019935e+03 
4.01225613e+02 5.13766791e-04 1.06594548e+03 
3.99749875e+02 5.11907082e-04 1.06168988e+03 
3.98274137e+02 5.10058608e-04 1.05743253e+03 
3.96798399e+02 5.08221259e-04 1.05317343e+03 
3.95322661e+02 5.06394928e-04 1.04891257e+03 
3.93846923e+02 5.04579506e-04 1.04464992e+03 
3.92371186e+02 5.02774888e-04 1.04038547e+03 
3.90895448e+02 5.00980970e-04 1.03611922e+03 
3.89419710e+02 4.99197648e-04 1.03185115e+03 
3.87943972e+02 4.97424819e-04 1.02758124e+03 
3.86468234e+02 4.95662384e-04 1.02330948e+03 
3.84992496e+02 4.93910242e-04 1.01903585e+03 
3.83516758e+02 4.92168295e-04 1.01476035e+03 
3.82041021e+02 4.90436445e-04 1.01048297e+03 
3.80565283e+02 4.88714597e-04 1.00620367e+03 
3.79089545e+02 4.87002654e-04 1.00192246e+03 
3.77613807e+02 4.85300523e-04 9.97639317e+02 
3.76138069e+02 4.83608110e-04 9.93354228e+02 
3.74662331e+02 4.81925324e-04 9.89067180e+02 
3.73186593e+02 4.80252074e-04 9.84778159e+02 
3.71710855e+02 4.78588270e-04 9.80487150e+02 
3.70235118e+02 4.76933823e-04 9.76194140e+02 
3.68759380e+02 4.75288645e-04 9.71899115e+02 
3.67283642e+02 4.73652649e-04 9.67602061e+02 
3.65807904e+02 4.72025750e-04 9.63302964e+02 
3.64332166e+02 4.70407861e-04 9.59001811e+02 
3.62856428e+02 4.68798899e-04 9.54698586e+02 
3.61380690e+02 4.67198781e-04 9.50393276e+02 
3.59904952e+02 4.65607425e-04 9.46085868e+02 
3.58429215e+02 4.64024748e-04 9.41776347e+02 
3.56953477e+02 4.62450672e-04 9.37464700e+02 
3.55477739e+02 4.60885115e-04 9.33150912e+02 
3.54002001e+02 4.59327999e-04 9.28834970e+02 
3.52526263e+02 4.57779246e-04 9.24516859e+02 
3.51050525e+02 4.56238779e-04 9.20196567e+02 
3.49574787e+02 4.54706522e-04 9.15874080e+02 
3.48099050e+02 4.53182398e-04 9.11549383e+02 
3.46623312e+02 4.51666334e-04 9.07222463e+02 
3.45147574e+02 4.50158255e-04 9.02893307e+02 
3.43671836e+02 4.48658087e-04 8.98561902e+02 
3.42196098e+02 4.47165759e-04 8.94228233e+02 
3.40720360e+02 4.45681198e-04 8.89892287e+02 
3.39244622e+02 4.44204333e-04 8.85554052e+02 
3.37768884e+02 4.42735094e-04 8.81213514e+02 
3.36293147e+02 4.41273412e-04 8.76870661e+02 
3.34817409e+02 4.39819217e-04 8.72525478e+02 
3.33341671e+02 4.38372441e-04 8.68177955e+02 
3.31865933e+02 4.36933016e-04 8.63828077e+02 
3.30390195e+02 4.35500876e-04 8.59475832e+02 
3.28914457e+02 4.34075953e-04 8.55121209e+02 
3.27438719e+02 4.32658183e-04 8.50764194e+02 
3.25962981e+02 4.31247500e-04 8.46404777e+02 
3.24487244e+02 4.29843839e-04 8.42042944e+02 
3.23011506e+02 4.28447137e-04 8.37678685e+02 
3.21535768e+02 4.27057331e-04 8.33311988e+02 
3.20060030e+02 4.25674357e-04 8.28942841e+02 
3.18584292e+02 4.24298154e-04 8.24571235e+02 
3.17108554e+02 4.22928660e-04 8.20197157e+02 
3.15632816e+02 4.21565813e-04 8.15820597e+02 
3.14157079e+02 4.20209554e-04 8.11441545e+02 
3.12681341e+02 4.18859823e-04 8.07059992e+02 
3.11205603e+02 4.17516560e-04 8.02675927e+02 
3.09729865e+02 4.16179705e-04 7.98289341e+02 
3.08254127e+02 4.14849202e-04 7.93900224e+02 
3.06778389e+02 4.13524991e-04 7.89508569e+02 
3.05302651e+02 4.12207016e-04 7.85114366e+02 
3.03826913e+02 4.10895220e-04 7.80717607e+02 
3.02351176e+02 4.09589545e-04 7.76318286e+02 
3.00875438e+02 4.08289936e-04 7.71916393e+02 
2.99399700e+02 4.06996338e-04 7.67511923e+02 
2.97923962e+02 4.05708695e-04 7.63104869e+02 
2.96448224e+02 4.04426953e-04 7.58695225e+02 
2.94972486e+02 4.03151058e-04 7.54282986e+02 
2.93496748e+02 4.01880955e-04 7.49868145e+02 
2.92021011e+02 4.00616592e-04 7.45450699e+02 
2.90545273e+02 3.99357915e-04 7.41030643e+02 
2.89069535e+02 3.98104871e-04 7.36607975e+02 
2.87593797e+02 3.96857410e-04 7.32182690e+02 
2.86118059e+02 3.95615478e-04 7.27754787e+02 
2.84642321e+02 3.94379024e-04 7.23324263e+02 
2.83166583e+02 3.93147998e-04 7.18891117e+02 
2.81690845e+02 3.91922348e-04 7.14455350e+02 
2.80215108e+02 3.90702024e-04 7.10016961e+02 
2.78739370e+02 3.89486977e-04 7.05575951e+02 
2.77263632e+02 3.88277156e-04 7.01132321e+02 
2.75787894e+02 3.87072512e-04 6.96686074e+02 
2.74312156e+02 3.85872997e-04 6.92237213e+02 
2.72836418e+02 3.84678561e-04 6.87785742e+02 
2.71360680e+02 3.83489156e-04 6.83331666e+02 
2.69884942e+02 3.82304734e-04 6.78874990e+02 
2.68409205e+02 3.81125247e-04 6.74415721e+02 
2.66933467e+02 3.79950648e-04 6.69953867e+02 
2.65457729e+02 3.78780889e-04 6.65489435e+02 
2.63981991e+02 3.77615924e-04 6.61022436e+02 
2.62506253e+02 3.76455706e-04 6.56552880e+02 
2.61030515e+02 3.75300187e-04 6.52080779e+02 
2.59554777e+02 3.74149323e-04 6.47606145e+02 
2.58079040e+02 3.73003067e-04 6.43128992e+02 
2.56603302e+02 3.71861373e-04 6.38649335e+02 
2.55127564e+02 3.70724196e-04 6.34167191e+02 
2.53651826e+02 3.69591491e-04 6.29682577e+02 
2.52176088e+02 3.68463212e-04 6.25195511e+02 
2.50700350e+02 3.67339314e-04 6.20706015e+02 
2.49224612e+02 3.66219754e-04 6.16214109e+02 
2.47748874e+02 3.65104486e-04 6.11719818e+02 
2.46273137e+02 3.63993466e-04 6.07223164e+02 
2.44797399e+02 3.62886651e-04 6.02724175e+02 
2.43321661e+02 3.61783995e-04 5.98222878e+02 
2.41845923e+02 3.60685455e-04 5.93719303e+02 
2.40370185e+02 3.59590988e-04 5.89213480e+02 
2.38894447e+02 3.58500550e-04 5.84705442e+02 
2.37418709e+02 3.57414098e-04 5.80195224e+02 
2.35942971e+02 3.56331588e-04 5.75682862e+02 
2.34467234e+02 3.55252978e-04 5.71168394e+02 
2.32991496e+02 3.54178224e-04 5.66651861e+02 
2.31515758e+02 3.53107283e-04 5.62133305e+02 
2.30040020e+02 3.52040112e-04 5.57612771e+02 
2.28564282e+02 3.50976670e-04 5.53090305e+02 
2.27088544e+02 3.49916912e-04 5.48565955e+02 
2.25612806e+02 3.48860798e-04 5.44039774e+02 
2.24137069e+02 3.47808283e-04 5.39511814e+02 
2.22661331e+02 3.46759325e-04 5.34982131e+02 
2.21185593e+02 3.45713883e-04 5.30450783e+02 
2.19709855e+02 3.44671914e-04 5.25917833e+02 
2.18234117e+02 3.43633375e-04 5.21383342e+02 
2.16758379e+02 3.42598224e-04 5.16847378e+02 
2.15282641e+02 3.41566419e-04 5.12310009e+02 
2.13806903e+02 3.40537917e-04 5.07771307e+02 
2.12331166e+02 3.39512676e-04 5.03231348e+02 
2.10855428e+02 3.38490654e-04 4.98690210e+02 
2.09379690e+02 3.37471809e-04 4.94147973e+02 
2.07903952e+02 3.36456096e-04 4.89604722e+02 
2.06428214e+02 3.35443476e-04 4.85060544e+02 
2.04952476e+02 3.34433904e-04 4.80515531e+02 
2.03476738e+02 3.33427338e-04 4.75969777e+02 
2.02001001e+02 3.32423736e-04 4.71423381e+02 
2.00525263e+02 3.31423054e-04 4.66876444e+02 
1.99049525e+02 3.30425251e-04 4.62329071e+02 
1.97573787e+02 3.29430281e-04 4.57781373e+02 
1.96098049e+02 3.28438104e-04 4.53233463e+02 
1.94622311e+02 3.27448675e-04 4.48685459e+02 
1.93146573e+02 3.26461950e-04 4.44137482e+02 
1.91670835e+02 3.25477887e-04 4.39589659e+02 
1.90195098e+02 3.24496441e-04 4.35042120e+02 
1.88719360e+02 3.23517569e-04 4.30495001e+02 
1.87243622e+02 3.22541226e-04 4.25948441e+02 
1.85767884e+02 3.21567368e-04 4.21402586e+02 
1.84292146e+02 3.20595950e-04 4.16857584e+02 
1.82816408e+02 3.19626927e-04 4.12313591e+02 
1.81340670e+02 3.18660254e-04 4.07770765e+02 
1.79864932e+02 3.17695886e-04 4.03229274e+02 
1.78389195e+02 3.16733776e-04 3.98689286e+02 
1.76913457e+02 3.15773880e-04 3.94150979e+02 
1.75437719e+02 3.14816150e-04 3.89614534e+02 
1.73961981e+02 3.13860539e-04 3.85080138e+02 
1.72486243e+02 3.12907001e-04 3.80547986e+02 
1.71010505e+02 3.11955487e-04 3.76018278e+02 
1.69534767e+02 3.11005951e-04 3.71491219e+02 
1.68059030e+02 3.10058343e-04 3.66967023e+02 
1.66583292e+02 3.09112615e-04 3.62445908e+02 
1.65107554e+02 3.08168717e-04 3.57928100e+02 
1.63631816e+02 3.07226600e-04 3.53413833e+02 
1.62156078e+02 3.06286213e-04 3.48903346e+02 
1.60680340e+02 3.05347506e-04 3.44396886e+02 
1.59204602e+02 3.04410426e-04 3.39894708e+02 
1.57728864e+02 3.03474923e-04 3.35397074e+02 
1.56253127e+02 3.02540942e-04 3.30904254e+02 
1.54777389e+02 3.01608432e-04 3.26416526e+02 
1.53301651e+02 3.00677337e-04 3.21934175e+02 
1.51825913e+02 2.99747603e-04 3.17457495e+02 
1.50350175e+02 2.98819175e-04 3.12986790e+02 
1.48874437e+02 2.97891996e-04 3.08522370e+02 
1.47398699e+02 2.96966009e-04 3.04064554e+02 
1.45922961e+02 2.96041157e-04 2.99613673e+02 
1.44447224e+02 2.95117380e-04 2.95170064e+02 
1.42971486e+02 2.94194618e-04 2.90734074e+02 
1.41495748e+02 2.93272811e-04 2.86306060e+02 
1.40020010e+02 2.92351897e-04 2.81886389e+02 
1.38544272e+02 2.91431813e-04 2.77475438e+02 
1.37068534e+02 2.90512495e-04 2.73073593e+02 
1.35592796e+02 2.89593878e-04 2.68681251e+02 
1.34117059e+02 2.88675895e-04 2.64298820e+02 
1.32641321e+02 2.87758480e-04 2.59926717e+02 
1.31165583e+02 2.86841562e-04 2.55565373e+02 
1.29689845e+02 2.85925072e-04 2.51215228e+02 
1.28214107e+02 2.85008938e-04 2.46876732e+02 
1.26738369e+02 2.84093086e-04 2.42550349e+02 
1.25262631e+02 2.83177441e-04 2.38236554e+02 
1.23786893e+02 2.82261927e-04 2.33935833e+02 
1.22311156e+02 2.81346465e-04 2.29648685e+02 
1.20835418e+02 2.80430976e-04 2.25375621e+02 
1.19359680e+02 2.79515377e-04 2.21117165e+02 
1.17883942e+02 2.78599583e-04 2.16873852e+02 
1.16408204e+02 2.77683509e-04 2.12646233e+02 
1.14932466e+02 2.76767066e-04 2.08434868e+02 
1.13456728e+02 2.75850163e-04 2.04240333e+02 
1.11980990e+02 2.74932708e-04 2.00063218e+02 
1.10505253e+02 2.74014603e-04 1.95904124e+02 
1.09029515e+02 2.73095752e-04 1.91763669e+02 
1.07553777e+02 2.72176052e-04 1.87642482e+02 
1.06078039e+02 2.71255399e-04 1.83541208e+02 
1.04602301e+02 2.70333685e-04 1.79460506e+02 
1.03126563e+02 2.69410801e-04 1.75401049e+02 
1.01650825e+02 2.68486631e-04 1.71363525e+02 
1.00175088e+02 2.67561058e-04 1.67348637e+02 
9.86993497e+01 2.66633961e-04 1.63357103e+02 
9.72236118e+01 2.65705213e-04 1.59389656e+02 
9.57478739e+01 2.64774683e-04 1.55447045e+02 
9.42721361e+01 2.63842239e-04 1.51530032e+02 
9.27963982e+01 2.62907739e-04 1.47639397e+02 
9.13206603e+01 2.61971040e-04 1.43775935e+02 
8.98449225e+01 2.61031991e-04 1.39940456e+02 
8.83691846e+01 2.60090436e-04 1.36133786e+02 
8.68934467e+01 2.59146215e-04 1.32356768e+02 
8.54177089e+01 2.58199157e-04 1.28610259e+02 
8.39419710e+01 2.57249089e-04 1.24895134e+02 
8.24662331e+01 2.56295828e-04 1.21212283e+02 
8.09904952e+01 2.55339183e-04 1.17562611e+02 
7.95147574e+01 2.54378955e-04 1.13947041e+02 
7.80390195e+01 2.53414938e-04 1.10366512e+02 
7.65632816e+01 2.52446914e-04 1.06821977e+02 
7.50875438e+01 2.51474656e-04 1.03314407e+02 
7.36118059e+01 2.50497926e-04 9.98447874e+01 
7.21360680e+01 2.49516474e-04 9.64141207e+01 
7.06603302e+01 2.48530038e-04 9.30234245e+01 
6.91845923e+01 2.47538342e-04 8.96737319e+01 
6.77088544e+01 2.46541096e-04 8.63660915e+01 
6.62331166e+01 2.45537994e-04 8.31015673e+01 
6.47573787e+01 2.44528712e-04 7.98812380e+01 
6.32816408e+01 2.43512909e-04 7.67061974e+01 
6.18059030e+01 2.42490224e-04 7.35775535e+01 
6.03301651e+01 2.41460274e-04 7.04964287e+01 
5.88544272e+01 2.40422652e-04 6.74639591e+01 
5.73786893e+01 2.39376926e-04 6.44812943e+01 
5.59029515e+01 2.38322635e-04 6.15495970e+01 
5.44272136e+01 2.37259289e-04 5.86700424e+01 
5.29514757e+01 2.36186362e-04 5.58438179e+01 
5.14757379e+01 2.35103292e-04 5.30721222e+01 
5.00000000e+01 2.34009476e-04 5.03561653e+01 
4.96969697e+01 2.33783482e-04 4.98054751e+01 
4.93939394e+01 2.33557002e-04 4.92571972e+01 
4.90909091e+01 2.33330030e-04 4.87113422e+01 
4.87878788e+01 2.33102559e-04 4.81679208e+01 
4.84848485e+01 2.32874584e-04 4.76269435e+01 
4.81818182e+01 2.32646099e-04 4.70884212e+01 
4.78787879e+01 2.32417097e-04 4.65523644e+01 
4.75757576e+01 2.32187571e-04 4.60187839e+01 
4.72727273e+01 2.31957516e-04 4.54876904e+01 
4.69696970e+01 2.31726924e-04 4.49590947e+01 
4.66666667e+01 2.31495788e-04 4.44330075e+01 
4.63636364e+01 2.31264102e-04 4.39094396e+01 
4.60606061e+01 2.31031859e-04 4.33884018e+01 
4.57575758e+01 2.30799052e-04 4.28699049e+01 
4.54545455e+01 2.30565673e-04 4.23539596e+01 
4.51515152e+01 2.30331715e-04 4.18405769e+01 
4.48484848e+01 2.30097171e-04 4.13297675e+01 
4.45454545e+01 2.29862033e-04 4.08215423e+01 
4.42424242e+01 2.29626293e-04 4.03159121e+01 
4.39393939e+01 2.29389943e-04 3.98128879e+01 
4.36363636e+01 2.29152976e-04 3.93124805e+01 
4.33333333e+01 2.28915382e-04 3.88147008e+01 
4.30303030e+01 2.28677155e-04 3.83195598e+01 
4.27272727e+01 2.28438285e-04 3.78270682e+01 
4.24242424e+01 2.28198764e-04 3.73372372e+01 
4.21212121e+01 2.27958583e-04 3.68500775e+01 
4.18181818e+01 2.27717733e-04 3.63656001e+01 
4.15151515e+01 2.27476205e-04 3.58838161e+01 
4.12121212e+01 2.27233990e-04 3.54047362e+01 
4.09090909e+01 2.26991078e-04 3.49283716e+01 
4.06060606e+01 2.26747460e-04 3.44547332e+01 
4.03030303e+01 2.26503126e-04 3.39838320e+01 
4.00000000e+01 2.26258065e-04 3.35156790e+01 
3.96969697e+01 2.26012269e-04 3.30502851e+01 
3.93939394e+01 2.25765726e-04 3.25876613e+01 
3.90909091e+01 2.25518426e-04 3.21278188e+01 
3.87878788e+01 2.25270358e-04 3.16707684e+01 
3.84848485e+01 2.25021510e-04 3.12165212e+01 
3.81818182e+01 2.24771873e-04 3.07650883e+01 
3.78787879e+01 2.24521434e-04 3.03164805e+01 
3.75757576e+01 2.24270182e-04 2.98707091e+01 
3.72727273e+01 2.24018104e-04 2.94277850e+01 
3.69696970e+01 2.23765190e-04 2.89877191e+01 
3.66666667e+01 2.23511425e-04 2.85505227e+01 
3.63636364e+01 2.23256797e-04 2.81162066e+01 
3.60606061e+01 2.23001295e-04 2.76847820e+01 
3.57575758e+01 2.22744903e-04 2.72562598e+01 
3.54545455e+01 2.22487609e-04 2.68306512e+01 
3.51515152e+01 2.22229399e-04 2.64079671e+01 
3.48484848e+01 2.21970259e-04 2.59882185e+01 
3.45454545e+01 2.21710174e-04 2.55714166e+01 
3.42424242e+01 2.21449130e-04 2.51575722e+01 
3.39393939e+01 2.21187111e-04 2.47466966e+01 
3.36363636e+01 2.20924102e-04 2.43388005e+01 
3.33333333e+01 2.20660088e-04 2.39338952e+01 
3.30303030e+01 2.20395051e-04 2.35319916e+01 
3.27272727e+01 2.20128976e-04 2.31331007e+01 
3.24242424e+01 2.19861846e-04 2.27372334e+01 
3.21212121e+01 2.19593643e-04 2.23444009e+01 
3.18181818e+01 2.19324349e-04 2.19546141e+01 
3.15151515e+01 2.19053947e-04 2.15678839e+01 
3.12121212e+01 2.18782417e-04 2.11842214e+01 
3.09090909e+01 2.18509740e-04 2.08036374e+01 
3.06060606e+01 2.18235898e-04 2.04261430e+01 
3.03030303e+01 2.17960870e-04 2.00517491e+01 
3.00000000e+01 2.17684634e-04 1.96804666e+01 
2.96969697e+01 2.17407171e-04 1.93123064e+01 
2.93939394e+01 2.17128458e-04 1.89472795e+01 
2.90909091e+01 2.16848474e-04 1.85853967e+01 
2.87878788e+01 2.16567195e-04 1.82266689e+01 
2.84848485e+01 2.16284598e-04 1.78711070e+01 
2.81818182e+01 2.16000659e-04 1.75187218e+01 
2.78787879e+01 2.15715352e-04 1.71695242e+01 
2.75757576e+01 2.15428654e-04 1.68235249e+01 
2.72727273e+01 2.15140537e-04 1.64807348e+01 
2.69696970e+01 2.14850974e-04 1.61411647e+01 
2.66666667e+01 2.14559939e-04 1.58048253e+01 
2.63636364e+01 2.14267402e-04 1.54717273e+01 
2.60606061e+01 2.13973334e-04 1.51418815e+01 
2.57575758e+01 2.13677705e-04 1.48152986e+01 
2.54545455e+01 2.13380485e-04 1.44919893e+01 
2.51515152e+01 2.13081640e-04 1.41719642e+01 
2.48484848e+01 2.12781138e-04 1.38552339e+01 
2.45454545e+01 2.12478945e-04 1.35418091e+01 
2.42424242e+01 2.12175026e-04 1.32317002e+01 
2.39393939e+01 2.11869344e-04 1.29249180e+01 
2.36363636e+01 2.11561863e-04 1.26214729e+01 
2.33333333e+01 2.11252543e-04 1.23213754e+01 
2.30303030e+01 2.10941345e-04 1.20246359e+01 
2.27272727e+01 2.10628228e-04 1.17312650e+01 
2.24242424e+01 2.10313148e-04 1.14412730e+01 
2.21212121e+01 2.09996063e-04 1.11546703e+01 
2.18181818e+01 2.09676926e-04 1.08714672e+01 
2.15151515e+01 2.09355690e-04 1.05916741e+01 
2.12121212e+01 2.09032306e-04 1.03153012e+01 
2.09090909e+01 2.08706724e-04 1.00423587e+01 
2.06060606e+01 2.08378891e-04 9.77285692e+00 
2.03030303e+01 2.08048752e-04 9.50680593e+00 
2.00000000e+01 2.07716252e-04 9.24421587e+00 
